800.000000 2.000000
3.601304 993.965272
4.614351 991.000202
5.803174 986.787550
7.655527 986.785827
8.745588 986.785035
8.919420 986.783342
9.732154 986.781402
9.757522 986.780278
9.777407 986.769687
9.789555 986.737014
9.790566 986.710322
9.791062 986.692253
9.809167 986.646608
9.820978 984.485579
9.920694 978.566027
10.075500 973.141029
11.262523 972.657781
21.444851 954.052296
22.717625 954.021766
22.804661 954.013421
22.811983 953.984466
22.890410 953.981758
23.387144 953.961184
32.120555 953.953614
32.687192 953.946929
35.824736 952.950938
36.389327 952.891878
36.585767 947.584817
38.079640 946.901305
38.115716 946.873498
38.154811 946.739980
38.188077 946.579706
38.623410 946.494222
39.351183 946.460737
39.384850 946.393191
39.386854 946.379862
39.404921 946.377550
39.425075 946.377193
39.425848 946.370813
39.436013 946.370488
40.646385 946.332108
42.773351 946.323567
43.657512 946.318209
44.274503 946.302672
45.717321 946.300000
46.412231 946.295783
46.709770 946.292988
46.785577 946.291315
46.859681 946.151306
46.861318 946.070742
46.866400 946.022611
46.894500 945.942043
46.913794 945.925322
46.965088 945.893129
46.977577 945.824003
46.979978 945.800729
52.230356 945.741212
54.512443 945.593686
57.272547 945.181455
76.796346 945.168837
86.747967 945.129141
116.335659 945.088260
116.945265 945.085469
129.045455 945.083081
137.514309 945.077843
141.511749 945.071905
149.221776 945.025560
149.242456 944.997453
149.247465 944.981515
149.270358 944.980634
149.327265 944.979307
149.724175 944.975812
149.764376 944.974049
149.769671 944.969480
150.056311 944.923913
162.292499 942.677001
162.530958 941.573812
165.790049 941.085495
169.560134 940.253400
169.677251 940.081497
170.477956 939.939152
172.173215 938.392378
187.895339 937.607026
235.671936 923.225818
258.325420 923.031015
258.684460 921.270272
262.340016 915.958921
262.373975 915.942524
262.418313 915.900525
266.976475 915.897072
267.352482 915.896176
267.426684 915.893581
267.431712 915.893570
267.436756 915.893440
267.455978 915.886547
267.599480 915.854317
267.673996 915.537049
267.675165 915.531914
267.675828 915.498642
267.690230 915.489343
267.709747 915.473209
267.713040 915.451967
267.792541 915.441429
267.792578 915.435969
267.792609 915.433016
267.792661 915.431895
267.792754 915.430730
267.792778 915.429869
267.804750 915.425095
267.806179 915.421259
279.932656 915.320471
282.667561 915.299246
283.125766 915.282417
344.608648 914.830805
345.155185 914.786349
345.385406 914.786321
345.905804 914.785789
346.033673 914.785408
346.229857 914.784655
346.230056 914.784127
346.231109 914.783715
346.234730 914.782429
346.241743 914.781993
346.243154 914.781715
346.465630 914.781706
346.830595 914.781703
347.128066 914.781296
347.137236 914.772707
347.148798 914.765654
347.158797 914.762827
347.293884 914.758365
347.712973 914.745323
347.837204 914.738936
348.738118 914.725158
348.830660 914.723281
348.836324 914.656241
348.886341 914.652499
348.925974 914.638300
348.927050 914.634640
348.928307 914.633995
348.929593 914.633844
348.929934 914.633699
348.930043 914.633697
348.930086 914.633688
348.932887 914.633617
348.939622 914.632129
348.948701 914.629931
348.949316 914.624725
348.949467 914.624690
348.949511 914.624671
348.949519 914.624620
348.949661 914.623938
348.950176 914.621459
348.952683 914.583946
348.955100 914.583712
349.178455 914.580935
349.256633 914.578717
349.283393 914.578061
349.311964 914.568323
349.338559 914.566946
349.347659 914.561809
349.348143 914.561731
349.348347 914.561703
349.348627 914.561618
349.349262 914.561319
349.375922 914.560176
349.376106 914.554811
349.398237 914.549818
349.400455 914.526307
349.401180 914.502501
349.401823 914.501532
349.401827 914.500284
349.401841 914.499354
349.404684 914.499189
349.406020 914.498327
349.407049 914.496911
349.408383 914.496290
349.409681 914.482279
349.410300 914.471294
349.412140 914.251522
349.689403 914.136305
349.976720 911.854350
350.062711 908.214959
351.043848 907.409965
357.770757 905.185961
357.848893 905.185935
358.059147 905.185920
358.421213 905.164589
364.242022 905.119666
365.218340 905.102622
365.690471 905.076777
370.961359 905.061917
371.122919 905.044440
371.187714 905.035365
371.419756 905.032420
371.963479 904.995204
371.963899 904.962571
371.963931 904.332712
371.963992 904.043684
371.964421 902.113875
371.967332 901.959321
371.970194 901.809515
371.971894 901.658344
372.453146 899.505526
372.535863 898.927261
372.543133 892.954366
372.547375 892.853561
372.547741 892.040973
372.550079 892.040575
372.550153 892.039799
372.557537 891.602793
372.558630 891.351586
372.560361 891.236261
372.563772 891.229276
372.577529 890.833491
372.609669 890.634189
372.618193 890.486474
372.618454 890.427446
372.619086 890.414921
372.763646 890.035425
372.781680 889.917993
372.793480 889.882818
372.802163 889.222801
372.941043 888.503185
373.218130 881.301223
373.236128 881.293688
373.374295 881.281505
373.445280 880.286880
373.475615 880.284604
373.944349 880.025279
374.332449 880.006682
374.398402 879.981468
374.780905 878.402549
374.807033 870.265550
375.467401 863.072081
375.611725 860.604248
376.015479 859.006624
376.434419 858.302104
376.436117 856.944712
376.542639 856.884630
377.614114 856.104653
377.709069 848.905058
377.933400 842.844914
377.942621 842.510132
377.944280 842.240156
377.950945 841.901105
377.974472 841.668407
377.997043 841.587503
378.019514 841.559182
378.019694 841.558861
378.019893 841.530013
378.063014 841.354558
378.095798 840.632928
378.122545 839.840078
378.144486 836.628577
378.697357 835.293578
378.946882 831.249421
379.360360 819.067585
379.382812 818.253325
379.389506 816.783693
379.389858 815.375342
379.405455 815.152561
381.688589 814.607744
383.877683 813.698707
384.202407 798.300987
384.216304 713.984916
384.305463 667.276286
384.309423 636.596683
384.330758 590.435852
384.951230 555.200677
385.158008 552.647353
391.284366 551.857917
391.328649 544.810571
391.687823 543.104022
391.718192 542.271026
391.729539 541.316421
391.797310 540.063233
391.833214 539.948507
391.850979 539.850418
391.873408 539.792391
391.875588 539.791886
391.879146 539.791486
391.951920 530.352936
399.971979 521.494414
403.214267 521.483841
403.578033 521.483799
403.612979 521.483774
403.619143 521.483658
403.627692 521.483656
403.649660 521.483620
403.663392 521.423905
404.091174 521.275572
406.828502 513.401657
406.831716 511.163609
406.834452 510.171337
406.839100 510.080661
406.844788 509.874382
406.846019 509.801370
406.847544 509.769196
406.847792 509.759107
406.848733 509.734000
406.848806 509.727163
406.848841 509.655997
406.848868 509.628294
406.848872 509.536327
406.848897 509.526481
406.851624 509.400311
406.932392 509.396302
407.015563 509.380784
407.015572 509.374024
407.015572 509.342110
407.020759 509.240585
407.020768 509.213734
407.020770 509.183939
407.020858 509.142309
407.021444 509.036469
407.021452 508.992092
407.021457 508.971810
407.021482 508.971237
407.021563 508.967906
407.024521 508.772436
407.024579 508.771437
407.024934 508.770434
407.025423 508.767717
407.025484 508.767708
407.025509 508.767539
407.025648 508.767404
407.025652 508.766735
407.026029 508.756695
407.028189 508.744799
408.238785 507.362542
408.530619 502.976135
408.648446 491.427076
408.788303 480.481470
408.957343 480.110326
409.077488 480.049002
409.150425 479.754520
409.157476 479.004369
409.387985 478.439855
410.149460 478.390149
410.466947 478.363933
410.781433 474.901007
410.813518 474.231823
411.204447 471.306633
411.661798 468.126522
412.546855 444.087592
412.551398 425.680322
412.552795 403.552545
415.460902 395.651247
415.618972 395.441445
415.636390 395.433284
415.782188 394.307637
416.440383 370.073571
416.576182 369.894797
416.582065 369.373810
416.723529 368.254840
416.725329 367.849415
416.727726 367.646033
416.731497 367.259484
416.794983 365.150480
416.796407 364.710739
416.850446 362.963251
416.995882 356.211423
417.001464 356.058894
417.002847 356.057275
417.005347 356.053385
417.017797 355.999057
417.025917 355.984100
417.039945 355.823414
417.091721 355.563494
417.094505 340.655686
417.100670 340.537958
417.101032 340.362848
417.240573 339.022511
417.405471 336.921154
417.994005 334.784292
418.143219 334.734154
418.559533 334.604810
419.518497 334.180978
419.595150 334.117372
420.021158 333.915972
421.553335 332.857342
422.803035 331.530517
422.835832 331.436592
422.850432 331.432777
422.862499 331.412856
423.901011 331.396061
424.759377 331.235568
424.763676 331.232686
424.781592 331.228242
424.787055 331.224860
430.139509 331.217331
430.142471 330.005907
430.143179 328.598187
430.154470 328.109730
430.155981 328.097759
430.156636 327.969401
431.137028 324.155723
431.176750 321.721445
432.477426 319.603167
442.428147 314.020445
442.486957 313.597666
442.878692 313.195937
444.234861 310.113811
451.569865 303.758283
460.081487 303.317962
460.289685 301.432032
468.582911 299.816422
475.901128 298.317479
556.556746 298.144320
568.113955 294.055224
614.358914 293.840113
626.019848 293.836417
627.607318 293.828777
628.301235 287.069006
628.314820 286.319878
628.316308 284.286905
636.555954 282.041018
636.821764 280.802696
636.822072 276.389608
636.980853 275.618017
637.184195 272.739160
637.203312 272.731298
637.203324 272.359011
637.210099 272.351691
637.214882 272.060850
637.215301 271.978403
637.772562 271.708626
637.840542 266.726772
729.301868 263.276726
729.713745 263.276330
730.323514 263.264871
730.783610 263.261708
730.898752 263.257445
732.330297 263.255157
747.765500 263.095935
761.526903 263.023166
774.346105 209.164795
774.540142 208.627436
774.547474 207.922116
774.908968 207.616597
775.061616 207.585979
775.488019 207.575738
775.652959 98.550211
781.237754 90.856082
788.315647 90.539350
789.012698 90.084158
789.014302 90.017915
789.014400 89.484720
789.070073 89.275349
789.383543 88.888304
791.209192 88.678813
793.849713 88.583547
794.220737 88.398031
794.586458 88.368704
811.096651 87.370816
811.738292 86.926315
814.775966 85.670555
815.282840 85.376724
815.763868 84.600244
816.720033 84.463726
817.308142 84.429556
817.354689 84.297343
817.404137 84.258939
817.427330 84.258893
817.543244 84.255658
817.615830 83.415624
818.377658 82.174211
818.696142 81.960214
819.536712 81.923034
819.550294 80.632084
819.606302 80.162774
819.615051 80.071316
821.128961 79.988622
822.108244 79.843617
822.203948 79.719918
822.270446 79.718546
822.305095 79.717201
822.515259 79.717148
823.550948 79.716308
823.730938 79.705076
823.737349 79.703849
824.010664 79.701327
824.343116 79.696812
824.432159 79.696497
824.471430 79.694395
824.611537 79.693414
825.066417 79.686853
825.070758 79.686674
825.208950 79.686133
825.890900 79.635861
825.894297 79.620141
825.895056 79.617451
825.896026 79.607119
825.897387 79.607030
825.898854 79.606825
825.900654 79.606782
825.916966 79.606725
825.925139 79.604202
825.932078 79.604091
825.935745 79.602298
825.944316 79.602296
825.960452 79.601968
825.981737 79.600340
826.227434 79.588811
826.228368 79.566903
826.234935 79.563307
826.235414 79.498775
826.236498 79.461219
826.237165 79.459516
826.238905 79.454783
826.254883 79.427016
826.257102 79.426489
826.257541 79.426486
826.262497 79.426485
826.294199 79.421134
826.323378 79.392694
826.338042 79.383280
826.344508 78.722152
826.360578 78.225393
826.383180 78.220848
826.447029 78.218275
826.451132 78.216212
826.452442 78.204479
826.464217 78.200436
826.499365 78.199416
826.500293 78.198365
826.899110 77.628100
827.029818 76.015283
827.190993 76.012448
827.238469 76.012170
827.313768 76.012123
827.465960 76.012082
827.478622 76.012069
827.535447 76.012064
827.631511 75.867373
827.682601 75.712596
827.683054 75.424529
827.696027 75.325289
827.699639 75.309845
827.710783 75.228588
827.756089 75.033337
827.762867 75.032249
827.762893 75.030247
827.763372 75.026661
827.763635 75.026551
827.772145 75.022361
827.792107 74.988889
827.792999 74.866053
827.793174 74.824898
827.793973 74.820304
827.794390 74.814089
827.794391 74.813433
827.794402 74.807132
827.796831 74.644725
827.797398 74.516444
827.953969 74.467878
828.034648 74.242659
829.661212 73.378777
833.432987 70.952814
834.289679 70.786730
834.992544 63.398253
835.675946 59.289377
835.818861 58.569698
835.850130 58.317894
835.878900 58.107121
836.200184 57.873847
836.254065 57.771958
837.549338 57.647081
838.421656 57.604460
838.857486 57.528702
839.191736 57.114476
839.887862 55.567178
840.024305 55.180265
840.364558 52.653710
840.498283 52.424577
845.697607 46.716536
852.087060 37.535351
854.911565 31.991857
870.390433 29.556523
874.368159 21.668068
876.118366 14.821096
883.445890 14.814405
888.602894 14.802925
892.801884 14.786290
892.977086 14.775798
894.150707 14.762896
894.634550 14.692922
895.725802 14.534377
895.759150 14.475733
895.777376 14.464677
895.866976 14.452747
895.946663 14.438981
895.958073 14.406842
895.967332 14.389561
896.450754 14.385103
896.465426 14.383568
896.503778 14.383221
896.506760 14.366501
896.926234 14.365834
897.053690 14.365178
897.243013 14.365174
897.438309 14.364903
897.557266 14.364749
897.603256 14.364736
897.628679 14.364689
897.645880 14.364677
897.668856 14.364661
897.841398 14.359404
897.888331 14.358296
897.923835 14.358288
897.925196 14.358279
897.931239 14.358176
897.937705 14.358154
907.050145 14.241410
912.063088 14.235185
912.067776 14.221180
912.070618 14.210788
912.078703 14.209026
912.136541 14.157418
912.174018 14.139148
912.174894 14.131128
912.208194 14.094583
912.318264 14.093492
912.356149 14.089230
912.362303 14.087777
912.363854 14.085993
912.366912 14.064161
912.367930 14.048348
912.392455 14.013188
912.396891 13.967575
912.397235 13.957118
912.397764 13.948872
912.397874 13.946987
912.398723 13.937759
912.400185 13.931650
912.400188 13.930552
912.400328 13.930278
912.400371 13.929072
912.402373 13.905825
912.413634 13.869313
912.413936 13.189655
912.416722 13.177519
912.416747 13.176044
912.416757 13.176036
912.416757 13.175895
912.416790 13.173879
912.416886 13.168830
912.416996 13.157750
912.417112 13.052187
912.417121 13.019895
912.417149 12.995636
912.418021 12.933435
912.423248 12.661393
912.453908 12.584415
912.476027 12.129408
912.520384 12.115503
912.523861 12.073047
912.534363 12.069198
912.591204 12.020284
912.679259 12.013081
912.957692 11.993128
913.035957 11.982872
913.054508 11.979158
913.254801 11.507817
913.616326 11.503082
913.842974 11.473668
914.333266 11.470314
914.350098 11.467930
914.374005 11.465721
914.445286 11.465065
914.596186 11.459963
914.607520 11.458438
914.608372 11.439407
914.608638 11.422495
914.608662 11.422226
914.608674 11.421835
914.608719 11.421808
914.608724 11.421806
914.609044 11.420949
914.623125 11.419255
914.663876 11.411038
914.835694 11.399323
914.835824 11.399259
914.847718 11.399249
914.868746 11.399230
914.883077 11.399145
914.896097 11.399106
914.919059 11.399103
914.920135 11.399101
914.961735 11.399054
915.019217 11.399053
915.089105 11.399023
915.089667 11.399017
915.102779 11.399016
915.123295 11.399016
915.127273 11.399016
915.157491 11.398967
915.169433 11.398963
915.171466 11.398959
915.175797 11.398933
915.207207 11.398887
915.247339 11.385136
915.264997 11.380104
915.265842 11.376072
915.560586 11.371337
915.570191 11.362160
915.586239 11.274618
915.819600 11.262429
915.992519 11.251983
915.996013 11.237699
916.027669 11.237659
916.043911 11.237622
916.050238 11.237523
916.071679 11.237230
916.079961 11.237036
916.157227 11.236480
916.362688 11.236263
916.381752 11.235697
916.413450 11.235580
916.443082 11.235067
916.462195 11.198233
916.513466 11.192763
916.552315 11.186024
916.577843 11.184676
916.590943 11.170193
916.669702 11.164690
921.207874 5.285256
923.806573 4.601534
923.855239 4.187231
924.500769 4.074205
925.199739 3.985991
925.666255 3.937992
926.715978 3.914372
927.085280 3.913658
927.200341 3.878869
927.202586 3.878410
927.206384 3.873362
927.214446 3.853590
927.228311 3.839752
927.233706 3.839744
927.235835 3.839500
927.237530 3.813787
927.262566 3.784202
939.673522 3.244983
940.030398 3.233184
940.782095 3.181546
940.913093 3.180626
940.955650 3.167887
940.966054 3.164827
940.967245 3.164739
940.973369 3.162680
940.974283 3.161859
940.975186 3.159411
941.091380 3.065797
941.117961 3.023008
941.212784 2.819716
941.246857 2.779043
941.257762 2.767459
941.294002 2.763867
941.298631 2.762289
941.314946 2.762247
943.528496 2.617424
945.901423 2.286913
946.087111 2.105017
946.582731 2.022674
953.789909 1.984376
954.704027 1.963020
954.724377 1.944040
956.506815 1.937276
957.035589 1.793212
957.035591 1.782307
957.035595 1.763216
957.035607 1.756390
957.035608 1.738012
957.035617 1.735607
957.035720 1.731518
957.035769 1.729411
957.035773 1.711083
957.035834 1.710958
957.035964 1.707935
957.038202 1.706452
957.038869 1.706309
957.039975 1.696447
957.040110 1.688430
957.040236 1.686077
957.060918 1.685981
957.062817 1.685786
957.122772 1.679693
957.126240 1.676464
957.126495 1.671653
957.136432 1.669098
957.236416 1.668749
959.705307 1.668707
959.868065 1.667535
962.110684 1.667061
987.817536 1.542028
988.700530 1.495184
989.364876 1.011248
998.307143 0.678762
