800.000000 2.000000
0.037042 999.994944
0.037653 999.994844
0.061602 999.994522
0.077949 999.994056
0.302985 999.993832
0.306371 999.993221
0.312607 999.993100
0.326962 999.992934
0.336499 999.990560
0.336537 999.990538
0.337518 999.990533
0.337866 999.990526
0.337866 999.990525
0.337869 999.990523
0.337921 999.990504
0.338323 999.990461
0.339142 999.990289
0.339288 999.989953
0.339460 999.989947
0.339525 999.989947
0.340316 999.989927
0.340329 999.989926
0.340360 999.989923
0.340364 999.989923
0.340373 999.989912
0.340378 999.989912
0.340378 999.989912
0.340379 999.989912
0.340383 999.989910
0.340500 999.989906
0.340501 999.989903
0.340733 999.989898
0.340771 999.989886
0.340774 999.989886
0.340787 999.989883
0.342253 999.989858
0.342569 999.989857
0.351320 999.979718
0.353522 999.975689
0.404178 999.966479
0.405494 999.864414
0.580363 999.776528
0.582108 999.776106
0.582622 999.776081
0.582634 999.776049
0.582928 999.766772
0.583344 999.766524
0.585859 999.766073
0.593900 999.765926
0.594154 999.765625
0.594244 999.765504
0.594397 999.763681
0.594618 999.759379
0.594628 999.748918
0.595509 999.735215
0.595924 999.735191
0.596535 999.735114
0.596977 999.735060
0.597230 999.734893
0.606613 999.734550
0.614120 999.728744
0.614277 999.726758
0.614337 999.718095
0.614929 999.705622
0.617612 999.682843
0.622157 999.682682
0.622625 999.682682
0.623043 999.682681
0.623534 999.682665
0.623850 999.682656
0.623972 999.682656
0.624162 999.682654
0.624722 999.682652
0.624848 999.682549
0.624912 999.682548
0.625261 999.682544
0.626264 999.681717
0.626727 999.681702
0.627072 999.681691
0.627113 999.681478
0.627207 999.681472
0.627232 999.681455
0.629000 999.681362
0.629011 999.681246
0.629017 999.681178
0.629122 999.681059
0.629682 999.681049
0.629988 999.681045
0.630368 999.681043
0.630632 999.681033
0.630640 999.681033
0.630654 999.681033
0.630661 999.681033
0.630672 999.681033
0.631401 999.681033
0.631567 999.681032
0.632642 999.681032
0.632877 999.681031
0.633776 999.681028
0.634411 999.681028
0.634436 999.681028
0.634438 999.681028
0.634439 999.681027
0.634561 999.681026
0.634630 999.681026
0.634659 999.681026
0.634666 999.681026
0.634674 999.681026
0.634674 999.681026
0.634674 999.681025
0.634680 999.681025
0.634680 999.681025
0.634696 999.681025
0.634756 999.681025
0.634759 999.681025
0.634760 999.681022
0.634762 999.681021
0.634768 999.681014
0.634768 999.680998
0.634768 999.680996
0.634768 999.680995
0.634769 999.680995
0.634775 999.680984
0.634775 999.680983
0.634775 999.680969
0.634775 999.680967
0.634775 999.680964
0.634776 999.680962
0.634776 999.680961
0.634776 999.680960
0.634776 999.680947
0.634776 999.680945
0.634776 999.680945
0.634776 999.680942
0.634776 999.680940
0.634776 999.680940
0.634788 999.680914
0.634788 999.680895
0.634789 999.680893
0.634790 999.680887
0.634800 999.680885
0.634802 999.680880
0.634806 999.680765
0.634840 999.680763
0.634844 999.680761
0.634886 999.680759
0.634904 999.680753
0.634904 999.680753
0.634905 999.680753
0.634905 999.680753
0.634906 999.680753
0.634906 999.680748
0.634913 999.680747
0.634984 999.680740
0.634986 999.680739
0.634986 999.680739
0.634986 999.680717
0.634986 999.680713
0.634986 999.680713
0.634986 999.680707
0.634986 999.680697
0.635018 999.680362
0.635071 999.680179
0.635071 999.680084
0.635071 999.680063
0.635071 999.680013
0.635071 999.679969
0.635071 999.679956
0.635071 999.679951
0.635071 999.679937
0.635074 999.679933
0.635075 999.678525
0.635078 999.678521
0.635085 999.678505
0.635085 999.678505
0.635085 999.678505
0.635085 999.678505
0.635085 999.678504
0.635091 999.678504
0.635093 999.678503
0.635095 999.678502
0.635096 999.678499
0.635096 999.678496
0.635103 999.678491
0.635105 999.678491
0.635107 999.678490
0.635114 999.678486
0.635120 999.678467
0.635125 999.678055
0.635127 999.678049
0.635128 999.678038
0.635140 999.678005
0.635184 999.677836
0.635186 999.675844
0.635190 999.673071
0.635190 999.672936
0.635191 999.672382
0.635202 999.671246
0.635223 999.671092
0.635224 999.670398
0.635224 999.670392
0.635224 999.670390
0.635224 999.670383
0.635224 999.670382
0.635224 999.670380
0.635224 999.670380
0.635226 999.670300
0.635227 999.670186
0.635329 999.670155
0.635349 999.670001
0.635371 999.669932
0.635373 999.669757
0.635375 999.669747
0.635375 999.669710
0.635375 999.669678
0.635375 999.669672
0.635375 999.669646
0.635376 999.669427
0.635408 999.669318
0.635865 999.669172
0.635866 999.669111
0.635937 999.669084
0.635962 999.669057
0.636072 999.668674
0.636112 999.668575
0.636352 999.668548
0.636440 999.668538
0.636445 999.668536
0.636461 999.668534
0.636462 999.668534
0.636462 999.668533
0.636589 999.668531
0.636635 999.668528
0.636642 999.668527
0.636646 999.668527
0.636912 999.668526
0.641690 999.668331
0.642219 999.668057
1.212469 999.301324
2.037327 999.225511
2.081592 998.898617
2.322588 998.842068
2.323383 998.834795
2.323705 998.832707
2.323740 998.828899
2.323929 998.823072
2.323939 998.822645
2.324007 998.822203
2.324419 998.821252
2.327377 998.813438
2.329212 998.813395
2.330331 998.792921
2.332113 998.786512
2.406446 998.783801
2.526042 998.783778
2.592787 998.783733
2.622294 998.783729
2.626941 998.783448
2.628459 998.783437
2.663749 998.783426
2.664392 998.783426
2.664436 998.783426
2.665686 998.783424
2.667742 998.783424
2.679275 998.783411
2.680566 998.773043
2.680576 998.761607
2.683488 998.721328
2.691927 998.535488
2.692916 998.361033
2.693234 998.347956
2.701670 998.311412
2.701672 998.310321
2.701672 998.229830
3.046675 998.010107
3.047184 998.010032
3.048090 998.009892
3.055727 997.980961
3.087509 997.727187
3.147089 997.705349
3.164552 997.663022
3.414771 997.262578
3.581815 997.228301
4.068496 996.918637
4.226549 996.915335
5.102382 996.914028
5.107422 996.898988
5.108539 996.898247
5.108672 996.897966
5.120745 996.897332
5.153251 996.740583
5.917029 996.645057
5.957896 996.640371
6.236468 996.638501
6.652323 996.617047
6.706175 996.616999
6.709020 996.609199
6.732664 996.589716
6.890368 996.587017
8.773345 993.813224
9.447844 993.459415
11.042644 993.031270
12.171405 992.532655
12.192671 992.390744
12.302724 991.979304
12.370953 991.745838
13.302777 991.745764
13.307133 991.745752
13.522239 991.745749
14.523600 991.745740
14.680381 991.733991
14.907226 991.725879
14.925810 991.724021
15.142716 991.706902
15.261795 991.706203
15.333589 991.697204
15.349862 991.694812
15.362991 991.694381
15.391674 991.686517
17.051875 991.581435
17.600709 991.504492
17.630001 990.310089
57.106800 930.086976
57.123295 917.055977
57.125081 912.911791
62.905484 912.075055
62.971607 911.432227
63.913962 877.419767
64.000458 872.437724
64.298752 871.853688
65.043519 871.063206
72.380684 869.360983
73.919614 869.031174
75.089540 869.028548
75.273975 869.025299
75.498645 869.024698
75.678227 869.024169
75.709817 869.022908
75.711568 869.021829
75.729370 869.021459
75.729958 869.021334
75.791252 869.012151
75.793679 869.003249
75.881352 869.002208
82.496182 868.917041
84.595820 868.326516
100.357318 866.341207
100.368657 866.279242
100.368677 866.274733
100.371395 866.248223
100.381963 866.231437
100.411505 866.215980
100.413237 865.894843
100.414084 865.894541
100.416235 865.841649
100.416724 865.814637
100.417121 865.772471
100.421588 865.772358
100.421810 865.772188
100.423125 865.772083
100.423144 865.772077
100.423238 865.771919
100.425704 865.770993
100.429123 865.769696
100.443759 865.748994
100.446699 865.743824
100.486627 865.743112
100.489873 865.742914
100.576809 865.742569
100.604229 865.742569
100.647351 865.742569
100.655140 865.742569
100.686414 865.742031
100.690032 865.742030
100.698292 865.742029
100.705303 865.742028
100.808540 865.742027
100.874259 865.742008
100.874383 865.742006
100.874405 865.742006
100.874413 865.742006
100.874420 865.742005
100.875460 865.741990
100.875538 865.741986
101.529130 865.741827
101.542241 865.741789
101.576818 865.741786
101.588986 865.741776
101.726647 865.741769
101.786657 865.723644
102.006372 865.711214
102.372036 865.711006
102.372451 865.710921
102.372471 865.710842
102.375430 865.710582
102.376991 865.710562
102.386048 865.710452
102.605140 865.710141
102.606419 865.710022
102.608188 865.709885
102.818573 865.708893
102.851768 865.708586
102.937852 865.708091
102.938064 865.708074
102.942010 865.708068
102.944265 865.708064
102.944395 865.708055
102.945318 865.708051
102.946669 865.707983
102.958039 865.707974
102.958748 865.707974
102.958803 865.707972
102.959275 865.707971
102.959398 865.707968
102.959651 865.707968
102.959876 865.707968
102.960553 865.707853
102.961723 865.707805
102.964830 865.707677
102.970342 865.706508
102.984271 865.705583
102.989527 865.705413
102.993217 865.705216
102.993516 865.704199
102.993670 865.704182
102.998401 865.704168
103.002717 865.704142
103.006737 865.704093
103.007357 865.704092
103.008766 865.704048
103.023441 865.703785
103.037913 865.703618
103.040238 865.703282
103.042381 865.700735
103.053401 865.699405
103.053902 865.699371
103.054082 865.699324
103.054217 865.699262
103.054744 865.698887
103.054774 865.698510
103.054849 865.698508
103.054907 865.698506
103.055167 865.696512
103.055527 865.695669
103.058639 865.695448
103.058814 865.695394
103.062932 865.695314
103.132158 865.690863
103.136107 865.670279
103.136618 865.669406
103.178562 865.653225
103.237131 865.647054
103.241730 865.645235
128.543155 864.565592
138.876729 863.664949
139.735979 863.586487
140.276249 862.920540
140.286684 862.472521
140.287198 862.289550
140.287567 862.253939
140.288602 862.196608
140.288873 862.093844
140.288899 862.065708
140.289593 862.042186
140.292885 862.029194
140.300142 862.004331
140.300493 861.888156
140.300852 861.866837
140.303169 861.752755
140.306338 861.665778
140.306339 861.662804
140.306340 861.651217
140.306346 861.642748
140.306349 861.642739
140.306374 861.641450
140.306379 861.639366
140.313674 861.636167
140.313866 861.631084
140.314467 861.615672
140.331145 861.518140
140.332565 861.508068
140.333206 861.486412
140.333921 861.469570
140.334232 861.454999
140.342548 861.454683
140.350517 861.453133
140.356789 861.451608
140.386510 861.451201
140.386689 861.391617
140.386729 861.386252
140.387117 861.338868
140.387335 861.337300
140.387428 861.334239
140.387534 861.324784
140.387664 861.322769
140.387799 861.322639
140.391006 861.183638
140.391712 861.150792
140.394517 860.781871
140.394695 860.780403
140.397459 860.779423
140.398234 860.683925
140.398757 860.652622
140.399768 860.646414
140.402241 860.604766
140.402563 860.595848
140.402720 860.566934
141.041537 860.555570
141.098445 860.550992
141.125355 860.549530
142.356378 860.314796
142.888583 858.297777
144.611107 858.240482
144.626519 858.233613
144.651663 858.232980
144.658293 858.231247
144.659435 858.227597
144.669338 858.226425
144.865037 858.221978
145.053448 858.219245
145.054306 857.893480
145.075027 857.870038
145.260734 857.857818
145.864840 857.817171
145.905795 857.803206
146.201767 857.778347
146.214603 857.757463
146.215400 857.751917
146.372973 857.542479
146.509068 857.358464
146.718071 857.346529
146.761621 856.841287
146.774592 855.424494
146.902781 851.528952
146.979100 851.322357
147.010706 850.981627
147.140254 850.418403
148.355261 849.330934
148.355371 849.330357
148.381915 849.317865
148.389942 849.316214
148.412369 849.312919
148.448132 849.310947
148.474125 849.297587
148.480619 849.297478
148.485530 849.296807
148.486224 849.291975
148.486512 849.291530
148.486881 849.291233
148.490633 849.228664
148.618542 849.221734
148.712284 849.187722
148.718329 849.181683
148.723883 849.176753
148.725230 849.176606
148.727945 849.176387
148.729960 849.176293
148.733557 849.176188
148.744429 849.176094
148.745369 849.175953
148.746359 849.174719
148.747327 849.174326
148.747498 849.171439
148.756352 849.171014
148.808036 849.170936
148.809616 849.170811
148.818268 849.170791
148.826760 849.162944
148.897050 849.162263
148.904822 849.157758
148.956004 849.122321
148.963770 849.020320
148.970508 849.003496
148.971301 849.001690
148.974170 849.000234
148.984034 848.926410
149.007100 848.878530
149.088825 848.812003
149.093063 848.700039
149.093613 848.696254
149.093829 848.676351
149.117273 847.483349
149.287298 847.321751
157.579076 847.283417
160.060823 846.167320
160.173705 836.255880
160.519444 836.149391
161.714537 835.942975
161.716092 835.523700
161.721631 835.337479
162.089278 830.881278
162.364845 829.626853
162.941426 829.567352
163.156111 825.699994
163.533206 824.779020
164.365866 798.329508
164.390577 794.226709
164.797247 788.825847
164.943766 788.813098
165.238915 788.808752
165.253362 788.444579
165.445918 784.267819
165.449354 777.657850
165.450274 773.663010
165.662853 773.270413
166.088848 772.333486
166.198687 772.148096
166.246671 772.058830
166.322963 765.014955
166.348829 762.475459
166.360179 761.161035
166.648434 760.697549
167.118587 751.342662
167.730999 747.180031
169.305597 746.956850
169.501929 746.754361
169.572392 746.721836
169.580354 746.720202
169.582260 746.710462
169.612986 746.703156
169.899716 746.587041
170.577569 746.577135
170.779752 746.560522
170.897968 746.554010
174.055112 746.492195
180.209059 746.242058
194.284437 745.919481
199.888956 745.733621
202.417999 745.135617
213.893891 744.834357
214.115504 743.771525
214.120913 743.547438
214.200329 743.302769
214.297406 743.291508
214.319302 743.257786
214.360510 743.197403
215.760581 743.154775
220.439118 743.152168
230.542037 743.034028
234.442895 742.254125
277.867110 741.665548
279.663963 741.609442
279.843106 741.608886
280.323890 741.608505
284.117844 741.603158
302.763050 741.602648
303.788977 741.599902
307.442101 741.591750
312.051330 741.581812
315.241972 741.557284
322.451490 741.502384
322.479676 741.501648
322.786150 741.482064
322.790676 741.456809
322.807517 741.456686
322.833651 741.456674
322.845056 741.456649
322.897013 741.456590
322.914032 741.456587
322.932538 741.456586
322.990661 741.456290
323.685963 741.455974
323.746554 741.455278
323.765435 741.451774
323.951946 741.451316
324.368723 741.441610
324.892540 741.438719
325.072858 741.438506
325.126768 741.438365
325.786101 741.438183
327.286415 741.419611
327.643756 741.419321
328.042151 741.417489
344.301102 741.414197
344.330073 741.413035
344.672306 741.412587
345.377552 741.410654
345.523993 741.403758
345.600267 741.402303
361.732653 741.254786
365.920134 741.234452
367.577033 741.209758
368.085532 740.176974
370.207551 740.158496
375.578908 739.344787
383.714038 739.064947
388.795170 739.005013
400.914876 738.455535
402.910197 738.185099
412.028694 737.269139
412.374939 736.585177
420.957992 736.259563
421.907667 736.234219
421.926414 736.174402
426.632446 736.168985
429.605751 735.884576
432.102444 735.502074
435.994933 735.275233
437.334274 734.586802
437.576706 734.070549
440.088119 733.884922
442.341235 733.415936
448.500434 733.403834
450.987249 733.386493
451.218947 732.929689
451.569970 732.423993
451.571298 732.382717
451.659899 732.124917
451.691426 731.780648
457.504804 731.657781
457.688006 731.508350
458.463454 731.501956
458.508479 731.401375
463.899486 731.263095
489.415701 659.179944
513.309260 317.514651
533.915654 42.369585
533.950720 42.232820
534.881446 40.781477
534.882353 40.781428
534.883971 40.781196
534.896174 40.764267
534.919547 40.759028
534.998594 40.749593
535.093682 40.688309
535.098520 40.639606
535.118843 40.634601
535.130798 40.449592
535.136633 39.870271
535.197546 39.867416
535.199814 39.866925
535.299935 39.438425
535.301623 39.351039
535.339656 39.286178
535.346841 39.183840
535.621022 39.159166
537.720746 39.057037
539.492466 38.759897
539.505133 38.670064
539.771258 38.588812
539.830344 38.570852
539.839433 38.562822
539.841286 38.554601
539.841770 38.552622
539.842237 38.550880
540.021271 38.522477
540.458047 38.479736
540.554135 38.477831
540.722903 38.468099
541.125351 38.451196
544.254244 38.419755
544.347966 38.395737
545.616862 38.380976
571.597054 38.347493
585.436283 38.341292
585.446391 38.340865
585.455057 38.340839
585.469510 38.339873
585.476096 38.339684
585.482432 38.338509
585.510058 38.333500
585.525530 38.331686
585.544564 38.323478
585.679412 38.321493
585.703229 38.319175
586.393664 38.282002
586.588730 38.281543
586.891507 38.281487
587.019609 38.281447
587.658359 38.281118
588.046909 38.278844
588.408633 38.276277
588.730673 38.275724
588.933525 38.275712
624.449005 35.104305
633.485104 33.133200
822.354003 31.689935
865.108031 28.693717
865.865057 22.192614
867.479181 21.411314
869.005984 21.088285
873.929607 20.453084
874.084630 20.433724
874.182831 20.282802
874.307526 19.928764
877.340176 19.858338
878.731241 19.811408
878.756534 19.805932
878.763616 19.682425
886.716981 19.550537
888.778460 19.301853
889.093259 19.161515
891.063654 19.161356
896.871231 19.159814
908.077748 19.158135
925.451908 19.152673
964.688042 16.046594
969.252889 8.016408
979.119652 7.770719
995.727272 7.461155
