800.000000 2.000000
7.474291 999.764646
8.651449 999.728348
9.657982 999.662339
10.611867 999.447091
10.693388 999.434404
11.007716 999.418029
11.089204 999.415222
13.937382 999.406855
25.568609 985.004215
26.144542 983.783043
26.145292 983.772186
26.148516 983.771702
26.151208 983.474218
26.170114 983.451091
26.172240 983.419556
26.504937 972.729414
26.688406 969.390298
26.808004 968.147529
32.363554 968.062978
32.700639 967.988990
34.573761 967.825016
34.933943 967.819935
34.952538 967.816306
34.953758 967.810782
34.956067 967.807598
34.969316 967.696818
34.976880 967.668421
34.978805 967.604048
34.979237 967.565445
34.980750 967.563078
34.983288 967.561685
34.983857 967.553447
34.985663 967.553352
35.000570 967.512215
35.020058 967.495190
35.020106 967.492911
35.020607 967.490134
35.020630 967.488558
35.024644 967.457174
35.025810 967.447595
35.026087 967.444512
35.029497 967.431960
35.035804 967.430159
35.036199 967.427599
35.037322 967.425798
35.040622 967.415306
35.042058 967.391444
35.117519 967.385126
35.271800 967.380375
36.030652 966.979907
39.615440 966.896621
39.901305 966.754885
41.481386 966.731412
42.636433 966.727996
43.615991 966.211312
45.376358 966.127208
45.998884 966.104855
47.367719 966.033930
47.373646 965.878593
47.568975 965.865431
48.405238 965.826697
49.788498 964.924937
50.479650 963.502222
54.595565 963.016368
55.964722 962.299392
58.794887 962.093799
82.762737 961.438035
82.837080 961.382601
83.512651 960.551124
83.623687 960.478489
83.664002 960.464523
83.828788 960.446552
84.142936 960.415325
84.904348 960.185608
89.247925 960.174609
91.198581 960.062583
91.240174 960.033093
91.250485 959.897714
91.376783 959.733781
91.387486 959.675996
92.304101 959.542999
92.323542 959.531551
92.419744 959.529569
92.454603 959.529471
93.207031 959.506733
93.476444 959.310978
93.483476 958.301446
93.536982 957.979982
94.237671 957.580709
96.496946 957.566673
96.564732 957.462074
96.661102 954.405381
98.377806 954.177593
99.718717 953.682350
101.386565 952.909139
104.128585 952.208977
104.685493 945.661337
104.844185 944.814409
105.366364 943.597968
106.209640 942.354130
107.040681 925.219469
148.370523 920.956485
162.778775 920.111804
171.954876 917.849816
175.266644 917.563869
176.488093 912.043915
176.591978 912.016153
176.820327 911.982723
177.628753 909.847372
179.683233 909.799244
179.802535 909.561213
179.925320 909.249961
179.925962 909.237283
179.927821 907.502288
179.929962 907.325033
180.036829 907.119173
180.373284 906.894976
190.914137 906.735508
192.836322 904.895089
201.466663 904.720698
205.151464 898.014866
218.036097 888.467346
227.856756 887.959956
233.600257 886.576593
235.445539 886.546224
235.497833 886.544093
248.001548 885.604784
249.903966 884.936902
254.102964 883.730306
254.853002 883.569262
254.919408 882.620985
255.078810 881.836142
255.098327 881.733137
255.347192 881.669374
255.631631 881.591339
255.794377 881.493947
256.276277 881.483865
256.545994 878.631527
257.428241 878.630406
509.884552 876.369118
509.939121 876.112520
509.948347 876.080685
509.951387 875.720002
509.953282 875.697097
510.269788 875.473316
510.271765 874.780057
510.272226 874.742776
510.301083 874.736248
510.303097 874.729732
510.318527 874.624592
510.346553 874.570145
510.376514 874.524072
510.438242 874.519091
510.497613 874.510648
510.510431 874.510614
510.516334 874.510510
510.535101 874.510447
510.536016 874.508585
510.536119 874.504973
510.536168 874.499192
510.536302 874.470445
510.536955 874.467561
510.537813 874.464138
510.538036 874.463100
510.538438 874.461949
510.543206 874.449999
510.543337 874.448021
510.544286 874.447452
510.547051 874.443259
510.548716 874.443258
510.549823 874.443250
510.550222 874.443244
510.550599 874.443242
510.550603 874.443241
510.550617 874.443241
510.552589 874.443239
510.555464 874.437183
510.556557 874.436798
510.588961 874.432486
510.589414 874.431684
510.591890 874.430510
510.614007 874.430278
510.614736 874.430039
510.616880 874.427445
510.627313 874.423044
511.432227 874.423015
511.470812 874.422934
511.588797 874.422922
511.632399 874.422832
511.818691 874.416138
511.850827 874.416081
511.937651 874.415289
511.948400 874.413965
535.745467 874.200006
536.450425 874.199071
537.018023 874.192459
537.738184 874.190726
537.961736 874.092647
539.803124 873.897243
539.936976 873.896709
540.317290 873.896554
540.343393 873.887883
540.379590 873.884593
540.407783 873.872883
540.425383 873.872600
540.449594 873.871150
540.465910 873.870678
540.554772 873.816464
540.621229 873.728039
551.156967 873.268872
551.158953 873.248720
551.159824 873.243004
551.161605 873.222489
551.167156 873.222281
551.171074 873.221196
551.173410 873.213743
551.181412 873.213454
551.202256 873.210856
551.241406 873.206504
551.244076 873.203598
551.290944 873.194456
551.322710 873.188245
551.324168 873.187529
551.330687 873.187434
551.331085 873.186899
551.332454 873.186202
551.538163 873.173646
551.985069 873.143903
552.056456 873.097222
552.830189 872.439546
556.766446 872.326453
557.995796 872.265556
558.703812 872.260475
558.745907 872.162689
558.764297 872.162496
558.922070 872.162418
559.051941 872.162399
559.079473 872.162398
559.083707 872.162340
559.881226 872.143642
562.556905 872.139403
563.649635 872.119382
566.103771 872.117965
566.926727 872.111003
567.453628 872.095439
577.090483 871.320146
577.956239 871.317433
577.991748 871.317428
578.048188 871.317421
578.137620 871.317417
578.170325 871.317415
578.188052 871.317280
578.437515 871.300398
578.732063 871.300266
579.876872 871.299988
581.618877 871.281232
583.726210 871.273588
585.580582 870.779398
592.849460 870.751935
593.177564 870.746933
593.957506 870.744329
601.600908 870.744269
604.503644 870.743816
622.985521 870.740782
633.839170 870.736198
644.660124 870.713604
646.291486 870.578994
648.189072 870.475686
648.239920 870.438250
648.484489 870.422369
649.207582 870.408964
651.774714 870.399836
651.776973 870.393395
654.039424 870.387142
655.742035 869.815642
659.291225 869.797374
663.504143 869.702606
664.827291 869.164126
664.864744 869.019200
664.867513 868.965245
664.872191 868.401600
664.872214 868.233677
664.873870 867.374274
668.229803 867.087716
668.784003 866.355168
668.924547 852.953523
674.256953 852.353427
676.685302 851.442273
681.366736 851.436090
682.140552 851.391518
682.459774 850.840246
683.696042 849.360997
684.547052 849.258703
684.821509 849.071942
684.869159 847.485174
685.306043 846.589400
685.309155 846.223583
685.319624 844.534747
686.882791 843.195454
687.036331 836.950735
687.286605 836.950521
687.305118 836.943951
687.328728 836.943930
687.331781 836.943925
687.333197 836.943899
687.354855 836.943874
687.355530 836.943844
687.361181 836.943771
687.364968 836.942896
687.365544 836.941076
687.441915 836.939757
687.579372 836.937891
687.656222 836.936833
687.674342 836.935878
687.738867 836.935354
687.872192 836.935317
687.872228 836.933679
688.029271 836.925515
688.484456 836.916080
688.501127 836.914942
688.512982 836.914242
688.527167 836.913707
688.610430 836.909494
688.613880 836.904634
688.613934 836.902927
688.614066 836.901674
688.614137 836.901593
688.633945 836.898378
688.634037 836.897921
688.634476 836.897871
688.634646 836.897779
688.635852 836.897700
688.636094 836.896507
688.636141 836.895839
688.639457 836.892903
688.646060 836.892843
688.646663 836.869816
688.646953 836.867735
689.217185 836.824687
689.975568 836.789262
691.003396 836.693376
691.486952 834.437843
691.701216 833.430810
691.907592 833.387819
692.107796 833.385184
692.249750 833.381945
692.310736 833.381720
692.355263 833.381584
692.400601 833.381435
692.523820 833.373469
693.467711 833.343680
693.699324 833.330613
694.142691 833.313807
694.180119 833.312718
694.237254 833.311985
694.413067 833.304096
694.432367 833.302464
694.433557 833.302127
694.434069 833.300828
694.460190 833.290400
694.509793 833.285798
694.561889 833.220612
694.661781 832.958846
694.694926 832.946220
694.720472 832.925506
694.728477 832.920961
694.733818 832.803058
694.739452 832.801460
694.742852 832.798707
694.745837 832.790428
694.765383 832.759402
696.081073 832.712290
696.138056 832.711467
696.193811 832.710370
696.194586 832.708392
696.195549 832.708369
696.195614 832.708233
696.195794 832.708020
696.195796 832.708006
696.195820 832.708002
696.195824 832.707996
696.195825 832.707987
696.195925 832.707966
696.196933 832.707777
696.312970 832.703001
697.709149 832.360797
701.550775 831.030236
706.285228 829.236803
732.139479 826.220952
734.603191 825.815701
737.757834 825.628942
737.903929 820.098455
737.921015 818.331802
737.930856 809.224908
737.935261 806.225540
737.935279 800.185987
737.936124 795.181056
738.814273 792.264934
739.734737 791.942248
740.487371 791.103697
741.100594 790.256742
741.564845 790.245074
741.869157 790.146977
742.454995 790.121248
742.793090 790.072277
743.676837 787.112644
745.504699 785.450308
746.389533 784.042179
749.508324 780.273417
749.720343 780.033573
749.980210 778.662081
750.054286 778.661521
750.087674 778.646645
750.096498 778.629864
750.448810 778.409391
750.662152 778.392028
750.749340 778.159997
751.732620 776.758335
751.950553 773.576330
751.954870 773.572914
751.964722 773.565040
752.196230 773.536439
752.399703 773.527641
752.406170 773.498126
752.465589 773.252517
771.965487 773.142472
773.720683 773.131074
777.416595 773.092355
777.516342 773.091939
782.686593 773.084561
784.676414 773.082840
787.549450 772.978969
795.379178 771.475025
795.454404 770.407021
795.458307 768.766624
795.747956 767.814019
795.925037 767.547475
796.294054 766.829568
796.393952 766.718418
796.531081 766.650891
798.474683 765.553158
798.690419 765.543648
798.879554 765.529847
798.910121 765.515673
798.950154 765.500360
799.088379 765.351936
799.582394 764.633560
799.598517 762.052575
799.630949 753.224246
799.641506 751.571088
800.130677 746.052038
800.414629 744.953349
800.421474 744.931039
800.437021 744.911228
800.438405 744.889219
800.448505 744.888712
800.448810 744.887419
800.449971 744.872225
800.452025 744.842804
800.452101 744.624934
800.452155 744.379364
800.452608 744.352148
800.452775 744.189475
800.453129 743.999188
800.455852 743.984015
800.455870 743.981855
800.457331 743.952989
800.457971 743.891183
800.458161 743.761775
800.461267 743.740679
800.461991 743.731430
800.463427 743.550484
800.464466 743.470094
800.666909 742.563015
800.668317 742.247887
800.671414 741.398838
800.675449 741.362509
800.692666 741.041358
800.727046 740.262154
800.982423 738.903110
801.211372 738.698454
801.721117 734.954499
801.769845 733.270484
801.912218 733.021637
801.957473 729.820189
801.985521 729.561108
801.988925 729.516512
801.989529 729.516468
802.040831 727.835004
802.165787 726.326558
802.495918 724.224930
802.527367 723.358269
802.541465 723.295529
802.593820 722.442780
802.595952 722.356127
802.599429 722.320594
802.609696 722.185843
802.620930 722.105842
802.626740 721.818573
802.629137 721.415550
802.647656 721.405846
802.657882 716.766738
802.685923 716.755948
802.710185 716.743218
802.720719 715.122332
802.752519 709.263086
802.757152 708.953884
802.790815 700.023715
802.793479 699.970449
802.793540 699.958152
802.793543 699.929895
802.803455 699.748244
802.840277 699.264686
804.843237 688.940666
805.153862 665.715645
807.276924 661.519301
807.336258 652.571614
807.336308 627.930442
807.336396 626.066957
807.337187 611.138318
807.580570 609.616530
807.729134 560.405552
809.486638 559.118278
809.500147 558.188298
809.530125 557.693842
809.534349 553.870573
809.941145 524.347528
810.042097 507.574667
810.963783 506.890629
810.994148 478.930973
811.163131 450.138830
828.281015 417.038715
838.465586 415.203287
853.415970 261.288936
861.759291 203.320061
862.486107 199.491415
862.623397 198.635486
862.870424 198.060162
862.976704 196.552322
862.987350 196.551604
862.996521 196.551565
863.021213 196.480466
863.034384 196.480030
863.039747 196.479458
863.044320 196.463639
863.049770 196.457578
863.049771 196.457552
863.056629 196.457539
863.056644 196.457538
863.056749 196.457520
863.057155 196.457497
863.058890 196.457322
863.058937 196.456974
863.058995 196.456973
863.065098 196.292526
863.072571 196.280366
863.102079 195.962641
863.133048 195.960133
863.199532 195.862285
863.258607 195.723034
863.259649 195.701517
863.260040 195.701280
863.260145 195.696239
863.260259 195.689151
863.261228 195.688246
863.289552 195.636516
863.291786 186.422598
863.291880 129.383865
863.292306 88.016763
863.293117 84.384448
863.299902 36.161321
863.303861 34.538836
863.309786 33.282259
863.321989 32.183627
863.335599 30.933299
863.365144 30.138070
863.385723 24.589647
863.394443 18.091680
863.423401 16.944758
863.455875 16.108054
863.460025 16.107631
863.468400 16.107278
863.485936 16.106282
863.492626 16.103251
863.501889 16.103220
863.502486 16.102833
863.502608 16.102305
863.527564 16.084750
863.529442 16.047895
863.529466 16.038557
863.529896 16.008552
863.531018 15.975865
863.531019 15.965360
863.531019 15.961478
863.531028 15.957994
863.531449 15.749085
863.531751 15.721886
863.532103 15.699983
863.532368 15.699540
863.532955 15.698049
863.533347 15.679301
863.552782 15.636680
863.553882 15.451713
863.564680 15.450995
863.565937 15.450983
863.566054 15.450971
863.569589 15.450236
863.571700 15.450216
863.571928 15.449242
863.572297 15.445004
863.572422 15.441535
863.578848 15.427931
863.590288 15.366943
863.591280 15.062942
863.633735 15.001753
863.661926 14.905560
866.042446 14.905298
866.687759 14.904382
866.861299 14.904348
867.411275 14.904031
868.150326 14.903157
868.164043 14.903043
868.264601 14.902648
868.265577 14.902437
868.336571 14.902049
868.618924 14.901330
868.957068 14.901255
869.625569 14.901191
870.558402 14.901189
871.637791 14.901164
872.050648 14.901164
872.055945 14.901163
872.062725 14.901160
872.062796 14.901160
872.062936 14.901160
872.062991 14.901160
872.063152 14.901160
872.063337 14.901160
872.063339 14.901160
872.064095 14.901160
872.064240 14.901160
872.064248 14.901160
872.064255 14.901160
872.064256 14.901160
872.064261 14.901160
872.064261 14.901160
872.064261 14.901160
872.064262 14.901160
872.064349 14.901159
872.065595 14.901159
872.079975 14.901158
872.693186 14.899431
872.727212 14.899411
872.882754 14.899409
872.979572 14.899268
872.984184 14.899248
873.005384 14.899237
873.005569 14.899227
873.123178 14.899224
873.133907 14.899223
873.135315 14.899222
873.135456 14.899222
873.181109 14.899146
873.197047 14.898914
873.199692 14.898904
873.213447 14.898858
873.315419 14.897830
873.316295 14.897763
873.324244 14.897719
873.333093 14.897513
873.399823 14.896683
873.404229 14.896676
873.405287 14.896669
873.422969 14.896667
873.433330 14.896663
874.988947 14.895449
874.988980 14.894866
874.999392 14.894148
875.001612 14.893991
875.003223 14.893948
875.003749 14.893852
875.058603 14.893749
875.059882 14.893712
875.062023 14.893676
875.062406 14.893673
875.070263 14.893535
875.082324 14.893227
875.086523 14.893097
875.132130 14.892622
875.132835 14.892619
875.134104 14.892616
875.134536 14.892615
875.135035 14.892614
875.135270 14.892614
875.135420 14.892614
875.135553 14.892614
875.135889 14.892614
875.136313 14.892614
875.136649 14.892614
875.139378 14.892614
875.139789 14.892614
875.140012 14.892614
875.140543 14.892614
875.143845 14.892614
875.173730 14.892607
875.186514 14.892592
875.235439 14.892228
875.251718 14.892093
881.500211 14.397348
883.339446 14.282680
883.342732 14.147299
883.650164 13.964038
884.760481 13.927562
894.069425 13.772316
919.429551 13.223279
920.132319 13.104144
925.074954 13.023268
929.636909 12.972978
929.755475 12.629114
930.978349 12.469610
943.644406 11.302504
947.025544 11.225852
947.240426 11.215852
947.314586 11.204021
947.367710 11.071209
947.392149 10.660177
948.315588 10.630006
948.636747 10.612151
948.883654 10.611328
949.570708 10.611062
949.572415 10.609225
949.572933 10.608595
949.573224 10.608458
949.573398 10.608455
949.573654 10.608405
949.576876 10.608287
949.577838 10.590799
949.578832 10.572612
949.583500 10.567073
949.588455 10.519350
949.588473 10.517481
949.588606 10.516031
949.588826 10.514887
949.589283 10.514858
949.589326 10.514655
949.589636 10.511153
949.597361 10.504045
949.597995 10.491283
949.598972 10.465086
949.601496 10.464459
949.605498 10.460365
949.606243 10.460209
949.606772 10.387053
949.607039 10.382038
949.608493 10.363122
949.977445 10.012666
950.111033 10.012006
950.135611 10.011995
950.156417 10.011991
950.163962 10.011984
950.208998 10.011962
950.253579 10.011962
950.324678 10.011962
950.518613 10.011716
950.534316 10.011708
950.562388 10.011697
950.578253 10.011697
950.590895 10.011696
950.594046 10.011696
950.595850 10.011696
950.600182 10.011695
950.616155 10.011694
950.637128 10.011692
950.666210 10.011687
950.666240 10.011687
950.669945 10.011687
950.817620 10.011687
951.003615 10.011687
951.435266 10.011686
951.441733 10.011686
951.831861 10.011686
951.922498 10.011666
952.015907 10.011660
952.118361 10.011629
952.173881 10.011599
952.385012 10.011416
952.563601 10.011201
952.893156 10.010663
954.240072 9.999137
955.857873 9.843143
958.201108 9.697261
959.756954 9.561116
960.388584 9.532937
960.495960 8.908373
961.849377 8.891275
963.590038 8.820019
964.357066 8.201887
964.552760 8.006792
968.792175 7.675601
982.329067 0.135100
