800.000000 2.000000
0.006497 999.366964
0.011534 998.465910
0.014113 997.409581
0.017288 997.265840
0.017293 997.247957
0.017298 997.247914
0.017299 997.171474
0.017305 997.142712
0.028631 997.141615
0.036487 997.141245
0.036505 997.141173
0.036580 997.141150
0.036629 997.139654
0.036629 997.139186
0.037991 997.087326
0.067112 996.984429
0.067156 996.936686
0.067335 996.936448
0.070040 996.936432
0.070122 996.936431
0.070165 996.936424
0.071135 996.936403
0.083965 996.936281
0.153430 996.936275
0.158188 996.936229
0.173986 996.936093
0.174600 996.936039
0.179493 996.935951
0.185271 996.935932
0.296430 996.935806
0.297280 996.922028
0.297363 996.914790
0.297973 996.913699
0.298855 996.913610
0.299810 996.911676
0.301394 996.910060
0.374893 996.905473
0.374895 996.903525
0.374900 996.903199
0.374900 996.902932
0.374902 996.902921
0.374916 996.902727
0.375142 996.902622
0.375460 996.901704
0.375541 996.901202
0.375589 996.901201
0.375637 996.901201
0.375641 996.901200
0.375642 996.901200
0.375643 996.901200
0.375644 996.901200
0.375675 996.901192
0.376262 996.901179
0.376392 996.901176
0.376434 996.901158
0.376480 996.900274
0.376496 996.900185
0.376496 996.900075
0.376496 996.899977
0.376497 996.899868
0.376498 996.899680
0.376498 996.899619
0.376499 996.899405
0.376500 996.899248
0.376500 996.899221
0.376501 996.899211
0.376514 996.898711
0.376531 996.894468
0.377694 996.893353
0.377696 996.893024
0.377969 996.892330
0.378007 996.892313
0.378041 996.892302
0.378107 996.892283
0.378108 996.892283
0.378108 996.892281
0.378108 996.892280
0.378166 996.892277
0.378212 996.892246
0.379587 996.890729
0.386540 996.890697
0.395807 996.890686
0.402832 996.890619
0.415547 996.889958
0.419358 996.889928
0.438071 996.889795
0.460787 996.889230
0.468571 996.888330
0.470052 996.888329
0.477097 996.888329
0.478959 996.888222
0.478967 996.887869
0.479016 996.887806
0.479026 996.887604
0.518742 996.887404
0.520052 996.885854
0.520052 996.885592
0.520052 996.884886
0.520052 996.884689
0.520052 996.884475
0.520053 996.884249
0.520053 996.884139
0.520053 996.883805
0.520053 996.883800
0.520053 996.883789
0.520053 996.883786
0.520054 996.883778
0.520089 996.883406
0.520190 996.883093
0.520190 996.883019
0.520214 996.882978
0.520237 996.882954
0.520260 996.882885
0.524922 996.882841
0.525010 996.882833
0.525108 996.882827
0.528659 996.882756
0.975409 988.181412
2.243670 981.730210
2.247022 980.927842
2.247744 980.503195
2.248644 980.489962
2.274244 980.347299
2.579574 977.962860
2.670061 977.954594
2.686641 977.954385
2.752851 977.954242
2.753479 977.954240
2.769564 977.954233
2.782691 977.954101
2.783193 977.953593
2.891598 977.951568
2.891654 977.947329
2.891654 977.945094
2.891655 977.942134
2.891656 977.939912
2.891657 977.939314
2.891660 977.937858
2.891672 977.937374
2.891676 977.936928
2.891852 977.923079
2.891859 977.921268
2.891898 977.921228
2.898210 977.920162
2.918403 977.919712
2.918419 977.919705
2.918469 977.919423
2.918471 977.919422
2.918477 977.919422
2.918487 977.919422
2.918492 977.919420
2.918574 977.919419
2.918647 977.919415
2.918652 977.919413
2.918656 977.919411
2.918657 977.918361
2.918657 977.915432
2.918658 977.914365
2.918660 977.909469
2.918663 977.905067
2.918664 977.904378
2.918666 977.903350
2.918666 977.900297
2.918668 977.899054
2.918668 977.897907
2.918680 977.883832
3.288340 977.823262
3.331055 977.774779
3.375876 977.773560
3.736035 977.325554
4.581200 977.152861
6.314478 977.004907
6.774468 976.607182
6.783883 976.399496
6.786381 976.014877
6.789982 975.778621
6.790510 975.557198
6.823384 975.450614
6.923746 975.438035
6.932098 975.345732
6.943358 975.248347
6.944189 974.735477
7.342305 974.694183
19.649683 974.636969
26.427381 974.394876
26.979092 974.084386
27.120861 973.392385
27.942044 973.367224
27.969658 973.353152
28.004962 973.332900
37.543150 968.689864
37.652652 944.177758
37.803082 932.859850
37.892438 932.854827
37.948420 932.804048
37.959239 931.632783
37.963323 931.360941
37.996507 930.793927
38.322535 930.455039
38.335728 930.274249
38.809462 930.089941
39.141171 929.674376
39.206289 927.946290
39.361948 917.095294
39.866506 900.193381
39.907303 898.883284
40.097701 892.656312
40.389855 892.565306
42.664770 892.565068
42.686653 892.564780
43.005639 892.445269
43.290670 892.269651
43.304154 892.264652
43.306006 892.261024
43.306266 892.258495
43.381177 892.234635
43.538064 892.233738
43.545098 892.205996
43.581871 892.204874
43.592418 892.176096
43.598931 892.088871
43.720431 891.913482
44.096822 891.884660
49.446413 891.758800
50.610123 891.507895
50.996607 891.328960
55.266184 891.080436
58.616777 887.080854
59.088447 882.786580
84.444785 868.965010
86.190858 844.085761
87.605130 844.085315
92.335878 843.902523
96.307475 843.833140
98.538521 831.754804
99.308938 690.762192
103.000600 675.926124
114.186911 389.351536
131.605464 375.939810
237.139876 316.275427
239.424202 313.462599
239.659504 313.437248
239.692608 313.387358
240.741350 313.381351
241.001223 313.381282
241.440709 313.376452
247.747228 313.275837
257.671444 312.051365
259.345763 312.039338
265.792293 312.003666
269.499875 311.956721
270.119282 311.936230
271.196346 311.926343
271.684782 311.843543
272.638898 311.820472
272.717252 311.819343
272.753426 311.808782
272.755437 311.804338
272.799240 311.713535
276.257196 311.707846
276.594158 311.707829
277.073891 311.707702
278.052097 311.677069
278.064488 311.510484
278.148610 311.480900
278.234519 311.477381
278.238139 311.457155
278.242018 311.455813
278.243390 311.455623
278.251072 311.357853
278.274657 311.326781
279.075519 310.763242
286.656170 310.714829
350.759200 310.694905
351.321415 310.643347
377.717266 309.437359
378.022895 309.039309
378.035104 309.028149
378.058253 308.999017
378.080487 308.996069
378.424194 308.994664
378.645744 308.994626
379.177700 308.530385
379.477415 307.849831
382.376143 307.503440
387.335450 307.312468
387.830652 307.078751
390.778443 307.032143
413.333902 306.876011
434.699383 306.700381
444.521204 306.377944
444.613543 306.285109
444.826549 306.182926
444.828532 305.683429
444.845115 305.504053
444.922030 305.440472
446.643086 304.759408
454.176261 304.685164
454.742833 304.678660
460.486887 304.587766
462.889692 304.536346
472.675249 304.470372
479.135673 304.332729
517.028784 304.015735
524.308504 303.890988
526.851121 303.539987
529.385403 303.534145
529.551563 303.532715
529.594904 303.530711
529.631581 303.529613
529.732236 303.528903
529.913578 303.527456
531.005420 303.527221
533.397592 303.520192
533.841391 303.518915
534.780008 303.514261
539.323940 303.471521
540.555823 303.463827
540.593671 303.458782
540.683129 303.447158
540.713483 303.419801
540.766011 303.408288
540.773161 303.394415
540.911220 303.328242
541.135993 303.232944
542.300311 303.188545
542.302103 303.188293
542.332129 303.188237
542.434910 303.188206
542.479355 303.155962
542.591386 303.106566
542.768600 303.102270
543.057490 303.097388
543.226547 303.076717
557.369564 301.673822
571.717129 301.584349
625.378487 301.470650
724.440872 301.461303
786.945421 301.429024
787.281389 301.311914
801.770960 301.243080
801.798067 301.236710
801.856120 301.232791
801.856575 301.232634
801.856953 301.232496
801.857049 301.231897
801.857386 301.231874
801.857484 301.231874
805.210032 301.231680
805.938884 301.231636
824.075881 301.228400
834.795343 301.227471
844.196086 301.222412
846.421557 301.210673
847.369398 301.207447
852.018230 301.205374
852.174727 301.201816
857.135454 301.200648
873.403828 301.181554
882.027507 301.173059
882.289302 301.131773
894.111889 301.091721
904.437144 300.937528
905.718167 300.937429
905.807313 300.936218
906.300285 300.929606
906.387375 300.929079
906.872730 300.928745
907.011069 300.919482
910.596086 298.778965
911.219726 298.748261
911.318563 298.699271
911.319525 298.689312
911.319712 298.686118
911.319828 298.683767
911.320000 298.677249
911.372635 298.648089
911.387932 298.647649
911.392652 298.644892
911.466553 297.183156
911.592606 296.921650
911.592929 296.905079
911.592955 296.839681
911.685746 296.778980
918.550844 293.447522
930.894983 292.285693
933.446152 292.055148
935.750932 292.026210
935.960061 291.632048
937.330998 290.453183
945.344380 283.541504
950.936015 281.363210
953.600246 270.044480
953.844513 269.817139
954.335083 269.548918
954.364496 269.138430
954.368113 268.790218
954.380255 265.115710
955.321481 256.173084
955.343648 255.148684
955.569202 255.102589
955.574911 250.554307
955.581890 250.198870
955.597686 249.942772
955.679693 249.632358
955.682439 249.107312
955.684053 243.612513
955.687071 240.555762
955.695361 233.755730
955.764578 229.360532
955.773170 229.004550
955.814477 228.796844
955.828907 228.664104
955.839777 228.641199
955.851333 228.375491
955.914704 228.284790
955.944011 228.219504
955.972605 228.174173
956.022779 228.096845
956.149981 202.559421
956.177918 197.892111
956.218326 190.828308
956.233934 186.334803
956.523509 180.598701
956.682519 175.752831
956.719951 161.505551
956.741501 161.503149
956.749416 161.481188
956.775993 161.466898
956.792888 161.451890
956.794077 161.416926
956.794620 161.416162
956.794628 161.415851
956.794713 161.415705
956.795162 161.415356
956.795852 161.415289
956.795965 161.414019
956.796017 161.414016
956.798237 161.413903
956.799138 161.386534
956.799320 161.362130
956.835825 161.352757
956.842848 160.688806
956.859617 159.986728
956.861553 159.925049
956.861923 159.891130
956.885900 159.882325
956.893576 159.859823
956.904668 159.846409
956.904736 159.846367
956.904796 159.846366
956.904797 159.846366
956.904807 159.846365
956.904838 159.846363
956.904850 159.846362
956.904937 159.846358
956.905230 159.846278
956.905282 159.846247
956.905416 159.846148
956.905465 159.846138
956.905511 159.845213
956.905512 159.845072
956.905517 159.845040
956.905518 159.844981
956.905522 159.844974
956.905522 159.844946
956.905531 159.844867
956.905558 159.844813
956.905621 159.842925
956.905666 159.842304
956.905711 159.842189
956.905713 159.842189
956.905715 159.842189
956.905721 159.842189
956.905724 159.842189
956.905729 159.842189
956.905731 159.842189
956.905743 159.842189
956.905748 159.842189
956.905778 159.842115
956.905791 159.842024
956.905792 159.842008
956.905811 159.841999
956.905848 159.841916
956.905989 159.841347
956.906027 159.841310
956.906239 159.841270
956.906762 159.833713
956.909639 159.829901
956.912635 159.824876
956.944343 159.816618
956.993362 159.594513
957.000450 159.556392
957.008940 159.550793
957.009899 159.513766
957.012592 159.479767
957.106149 152.900064
957.108128 152.813525
957.121198 152.801056
957.133143 152.786418
957.134508 152.733500
957.138863 152.273786
957.139586 151.963851
957.144112 151.177487
957.144414 151.176323
957.145992 151.167659
957.146134 151.161686
957.166447 149.374981
957.263513 131.682698
957.287963 131.159024
957.289415 131.115991
957.289421 131.112414
957.289455 131.108429
957.289515 131.105435
957.289552 131.102036
957.289782 131.101154
957.290047 131.099516
957.290052 131.097905
957.290053 131.097783
957.290057 131.097641
957.290068 131.096967
957.291529 131.095233
957.296102 130.304989
957.296350 130.229439
957.296498 129.961158
957.296498 129.827582
957.297661 129.701743
957.298618 129.238335
957.299518 129.023834
957.303300 128.997113
957.303406 128.823784
957.303464 128.702453
957.303469 128.702444
957.303469 128.702416
957.303469 128.702221
957.303472 128.692154
957.303513 128.666405
957.303542 128.653206
957.303566 128.645471
957.303697 128.629929
957.316209 128.060724
957.316332 127.956287
957.320691 127.855576
957.323794 127.796855
957.332463 127.221997
957.357362 127.040647
957.401102 124.941932
957.442323 124.933351
957.503503 124.929471
957.545596 124.917200
957.642575 124.769414
959.644647 124.425212
959.652977 124.075039
959.701472 118.629138
959.734577 97.287540
960.067345 96.847426
960.824386 95.621425
961.071308 94.760416
961.552507 92.393136
961.772463 91.512057
961.974493 91.419016
962.473006 91.327774
962.646397 91.204720
962.646452 91.105022
962.647479 91.043574
962.652142 91.035906
962.660410 91.026268
962.709861 90.875561
962.976220 90.867004
963.033565 90.821632
963.062563 90.784964
963.064941 90.779368
963.065220 90.778878
963.066880 90.775840
963.105808 90.775371
963.123476 90.769882
963.123558 90.756756
963.383085 90.340930
963.688926 89.205484
964.144273 87.278781
964.218335 86.940658
964.257999 86.788454
964.320805 86.740461
964.321645 86.735015
964.321703 86.728119
964.321769 86.727614
964.322127 86.710910
964.323707 86.707474
964.324014 86.670663
964.324046 86.639843
964.324210 86.621540
964.324338 86.608940
964.325140 86.311658
964.418125 86.205389
964.475184 86.189323
964.526273 84.941217
964.734198 84.936339
964.851467 84.935968
965.025234 84.935829
965.059276 84.935409
966.567425 84.934148
969.941892 84.907328
969.947855 84.867919
969.976444 84.803862
970.003196 84.766634
970.090103 84.751559
970.091124 84.723152
970.681452 84.716121
970.682654 84.715829
970.684893 84.715396
970.689328 84.715010
970.689665 84.715006
970.691129 84.715002
970.691202 84.715001
970.691258 84.714998
970.864252 84.714844
970.898992 84.714296
970.979645 84.708374
971.019899 84.698584
971.021726 84.698583
971.022544 84.698385
971.023206 84.698315
971.023264 84.698179
971.024003 84.698107
971.038001 84.697465
971.038894 84.697376
971.039197 84.697292
971.041825 84.697279
971.042004 84.697106
971.052037 84.696990
971.052280 84.696987
971.052332 84.696947
971.052334 84.696946
971.052338 84.696944
971.052909 84.696936
971.054577 84.696855
971.056488 84.696785
971.059507 84.696745
971.062533 84.696729
971.062586 84.696716
971.062613 84.696715
971.062643 84.696715
971.065947 84.696646
971.070662 84.696576
971.071841 84.696449
971.072517 84.696436
971.073818 84.696418
971.093818 84.692965
971.098884 84.692632
971.099275 84.689798
971.102059 84.688800
971.102306 84.688477
971.104627 84.687160
971.107896 84.668716
971.108565 84.668716
971.108599 84.668637
971.110917 84.667563
971.110935 84.667514
971.111010 84.667492
971.111011 84.667481
971.111126 84.667463
971.111131 84.667460
971.111135 84.667437
971.111544 84.667434
971.111952 84.667417
971.111978 84.667193
971.112029 84.665259
971.112303 84.664278
971.112420 84.663997
971.112443 84.663730
971.112467 84.663538
971.112516 84.663521
971.112553 84.658603
971.112694 84.642758
971.112719 84.641413
971.112790 84.640307
971.112984 84.639497
971.113037 84.639420
971.113117 84.639338
971.113163 84.637027
971.113475 84.633362
971.113594 84.632129
971.113603 84.630923
971.113608 84.625891
971.114919 84.619238
971.115650 84.618745
971.115661 84.617924
971.116670 84.616749
971.119374 84.603005
971.197655 84.597760
971.197685 84.570833
971.197695 84.541619
971.198295 84.541572
971.198557 84.541216
971.199039 84.533129
971.199723 84.533110
971.200817 84.533085
971.200939 84.525431
971.201742 84.507992
971.201749 84.506410
971.201749 84.506320
971.201749 84.506169
971.201960 84.501444
971.201972 84.489905
971.228508 84.464555
971.313806 84.463500
971.314791 84.463443
971.314927 84.463426
971.315054 84.463419
971.315198 84.463403
971.318831 84.463371
971.320684 84.463344
971.321977 84.462123
971.325608 84.462064
971.328268 84.461827
971.428610 84.392760
971.452669 84.377009
971.547714 84.359092
971.547923 84.350394
971.547926 84.299259
971.571249 84.233052
971.725124 83.961573
973.777061 83.751781
974.155131 83.671205
979.095953 83.174236
979.164793 81.649651
979.180505 81.586456
979.193049 81.577874
979.196587 81.569958
979.246489 81.538596
979.440041 81.392778
979.951244 81.230109
980.419002 81.119527
980.726149 79.357927
980.769646 76.058932
981.866549 76.048790
981.872874 75.991128
981.874505 75.843792
981.903631 75.280615
982.488762 73.851088
982.659978 73.765612
982.834594 73.744424
982.851351 72.216259
983.206859 72.212408
983.263184 72.211558
983.305938 72.210941
983.622686 72.191455
983.995288 72.191185
984.946809 72.190499
984.950971 72.182585
984.952016 72.179972
985.322430 72.176861
985.900853 72.166321
985.957098 72.165699
986.468596 72.127057
986.600270 72.079307
986.809158 71.958757
987.131044 71.729603
987.243979 70.704250
987.338846 70.677947
987.376244 70.648326
987.376790 70.648182
987.405801 70.647737
987.416246 70.645609
987.451091 70.643206
987.489611 70.639682
987.505338 70.621969
987.534531 70.614224
987.576484 70.598119
987.584096 70.597045
987.587649 70.594879
987.631489 70.575867
987.638329 70.574946
987.641119 70.561075
988.104279 70.548524
988.110217 70.547209
988.118640 70.547207
988.122004 70.544237
988.124695 70.544195
988.128131 70.543805
988.167317 70.522507
988.250516 70.477039
988.582368 70.380650
988.583573 70.379671
988.596728 70.378086
988.624490 70.369640
988.635056 70.338734
988.716451 70.337878
988.936483 70.314014
988.973273 70.310199
988.979731 70.306854
988.980513 70.291784
988.984021 68.237131
989.157283 64.481740
989.374659 61.688185
989.466643 61.675824
989.898292 61.634425
989.905692 60.915029
989.976546 60.276065
992.772439 43.139252
