800.000000 2.000000
0.478203 999.975760
1.456942 999.887171
2.313824 998.584083
2.452385 997.682250
4.058164 997.596294
12.084432 997.581096
12.136834 997.571879
12.142850 997.555359
12.147599 997.548489
15.891847 997.244777
21.176194 997.129258
22.001491 996.606548
22.098812 996.305753
22.099386 996.302208
22.184485 996.293391
22.223418 996.264958
22.250726 996.202057
22.318932 996.172004
25.105294 996.146942
26.266789 996.138628
26.538384 996.137821
26.781893 996.132886
31.042640 996.083260
33.239479 996.052582
34.241915 996.024706
34.261180 996.024606
34.300984 996.012254
34.317426 995.705413
34.761630 995.219015
34.762359 995.208000
34.764497 995.177242
34.769509 995.142012
34.769522 995.142011
34.769527 995.142009
34.769576 995.142002
34.769615 995.141999
34.769682 995.141997
34.769787 995.141986
34.769857 995.141985
34.769970 995.141985
34.772815 995.141929
34.780727 995.141771
34.781573 995.141603
34.781703 995.141255
34.782419 995.141057
34.784572 995.140833
34.784840 995.139968
34.785040 995.127864
34.786611 995.119865
34.787805 995.119861
34.787916 995.119828
34.787927 995.119825
34.787928 995.119805
34.788523 995.119786
34.813651 995.119779
34.856502 995.119770
35.061501 995.119712
35.140792 995.119671
35.174327 995.119037
35.180205 995.118788
35.185276 995.108160
35.214323 995.103321
35.222394 995.095577
35.227892 995.093108
35.233815 995.092498
35.553042 995.088759
35.571049 995.082948
35.630609 995.082946
35.676068 995.082941
35.700744 995.082936
35.743818 995.082923
35.770549 995.082921
35.809484 995.082921
35.813226 995.082919
35.814256 995.082906
35.814261 995.082866
35.832532 995.082861
35.832728 995.082730
35.832809 995.082626
35.832830 995.082338
35.832861 995.081258
35.832953 995.078603
35.833358 995.077642
35.833440 995.077048
35.833458 995.077019
35.833469 995.076950
35.833469 995.076948
35.833479 995.076895
35.834929 995.070364
35.834938 995.070216
35.834939 995.070184
35.834939 995.070178
35.834940 995.070131
35.834941 995.070129
35.834941 995.070128
35.834941 995.070128
35.834942 995.070126
35.834942 995.070122
35.834942 995.070089
35.834942 995.070001
35.835093 995.069982
35.835095 995.069848
35.835458 995.064713
35.835537 995.063814
35.835578 995.062616
35.835593 995.059768
35.835593 995.059739
35.835594 995.059725
35.835599 995.059721
35.835599 995.059721
35.835600 995.059712
35.835662 995.059662
35.835662 995.059646
35.835668 995.059602
35.835668 995.059598
35.835668 995.059596
35.835668 995.059571
35.835671 995.059265
35.835672 995.058832
35.835674 995.058795
35.835682 995.058794
35.835686 995.058730
35.835688 995.058228
35.835690 995.058129
35.835691 995.057672
35.835692 995.055544
35.835726 995.055516
35.835758 995.055484
35.835808 995.055438
35.835852 995.055398
35.835861 995.054762
35.835862 995.054559
35.835874 995.054447
35.835879 995.052506
35.835886 995.052451
35.835889 995.050954
35.835894 995.046867
36.177814 995.009527
36.485664 994.868345
36.529198 994.861641
36.549136 994.830758
36.571775 994.260015
36.577455 994.155842
36.595169 993.974285
36.691843 993.423331
36.711652 993.402112
36.717260 993.391272
36.727007 993.320314
36.914338 993.184853
36.930515 993.144389
36.996994 991.280035
37.000494 991.279570
37.003714 991.279568
37.004036 991.279401
37.004268 991.279367
37.004345 991.279349
37.004440 991.278653
37.004652 991.278502
37.004698 991.278388
37.013692 991.275485
37.019683 991.272426
37.065098 991.270999
37.065137 991.270957
37.065162 991.270885
37.065245 991.270867
37.065473 991.270221
37.185690 991.264363
37.226444 991.255394
37.237296 991.234243
37.240187 991.196401
37.246859 990.336893
37.261621 990.314100
37.277365 990.295763
37.400815 990.012895
37.725395 988.717798
38.086902 988.208733
38.180044 987.885647
38.233645 987.847348
38.236497 987.794844
38.248718 987.703582
38.290380 987.702471
38.365395 987.668123
38.401360 987.667541
38.415237 987.638269
38.424350 987.636315
38.426999 987.635987
38.427543 987.635685
38.428437 987.634780
38.428778 987.634284
38.439622 987.634197
38.442438 987.633207
38.449221 987.632802
38.460742 987.613169
38.463003 987.606798
38.497785 987.601528
38.504279 987.601244
38.507427 987.601139
38.548445 987.408546
38.605860 987.404437
38.626246 987.401878
38.771092 987.396999
39.012300 987.396908
39.247819 987.396801
39.326070 987.395593
40.139123 987.394870
40.736410 987.393654
44.042132 987.389834
44.460717 987.383760
44.892983 987.347153
45.092139 987.274685
45.155338 987.270005
45.156042 987.269060
45.156042 987.268919
45.156767 987.268905
45.175683 987.268535
45.368565 987.253569
47.162282 986.822415
47.163400 986.818339
47.163403 986.816000
47.164030 986.799143
47.166513 986.796778
47.187905 986.793379
47.198542 986.786923
47.198780 986.761064
47.198984 986.755935
47.200677 986.723751
48.283066 986.673859
48.354296 986.574882
48.495814 986.552067
48.555428 986.551197
48.592900 986.522291
48.604063 986.502892
48.607479 986.443338
48.607491 986.441977
48.607510 986.441302
48.607532 986.441045
48.607617 986.393183
48.608087 986.174139
48.610768 985.910756
48.610947 985.779293
48.631615 985.777684
48.640641 985.727553
48.640951 985.725183
48.642438 985.718125
48.643500 985.705878
48.644573 985.426846
48.658377 985.408004
48.669730 985.222270
48.784910 984.859483
48.806720 984.185462
48.808017 984.168465
48.809772 984.016877
48.809854 983.950278
48.836630 983.822843
48.839763 983.312723
48.841247 983.245846
48.841761 982.959535
48.842576 982.850552
48.865144 982.492841
48.946230 982.374787
48.962850 982.332710
49.018114 982.329880
49.051407 982.313975
49.052610 982.313876
49.055415 982.301356
49.056596 982.282156
49.056867 982.265661
49.074058 982.253125
49.097105 982.222755
49.097806 982.156355
49.105074 982.017738
49.124826 981.977570
49.129282 981.940960
49.132809 981.646897
49.132823 981.438649
49.132837 981.417910
49.132846 981.353416
49.132847 981.306283
49.132847 981.264213
49.133955 981.106099
49.138862 981.099768
49.141459 981.062137
49.466988 981.051341
50.481665 981.030643
51.841026 981.023290
53.222399 981.008377
53.234010 981.004696
53.251500 980.996680
53.292046 980.995696
53.421674 980.988445
53.452295 980.987919
53.453565 980.987556
53.455308 980.987301
53.495245 980.987218
53.508049 980.987122
53.539172 980.983709
53.555624 980.983245
53.732181 980.973384
53.744639 980.971348
53.767998 980.951545
53.775919 980.925658
54.490330 980.858355
55.118199 980.822707
55.266034 980.817454
55.425194 980.561707
55.512444 980.426123
55.536656 980.297666
56.226055 980.222344
56.275272 980.215081
56.280239 980.212546
56.356474 980.077885
56.371864 980.071834
56.473382 980.055111
57.624079 979.974183
57.709410 979.972916
57.821570 979.935372
71.911151 979.382910
71.911407 979.380997
71.911413 979.380993
71.911438 979.380992
71.911497 979.380975
71.911634 979.380932
71.914156 979.380819
71.914276 979.380425
71.914606 979.380176
71.914679 979.380171
71.914829 979.380063
71.915859 979.379934
71.915860 979.378801
71.915897 979.377899
71.915904 979.377663
71.915906 979.377630
71.915909 979.377625
71.915910 979.377595
71.915922 979.377538
71.916013 979.377366
71.916055 979.377312
71.916108 979.377228
71.918826 979.376191
71.921134 979.375453
71.928102 979.370872
71.928169 979.370843
71.928211 979.370786
71.928218 979.370639
71.928220 979.370540
71.928227 979.370337
71.928228 979.370179
71.928233 979.370056
71.928306 979.369936
71.928426 979.369934
71.928427 979.369929
71.928597 979.369363
71.930172 979.366515
71.941669 979.358764
71.947522 979.247199
71.948301 979.007912
71.948345 979.007847
71.948348 979.007835
71.948353 979.007830
71.948439 979.007719
71.948439 979.007718
71.948439 979.007715
71.948440 979.007707
71.948456 979.007706
71.948535 979.007694
71.948562 979.007675
71.948583 979.007301
71.948697 979.007166
71.948875 979.006086
71.953378 979.005045
71.953382 979.003475
71.953390 979.000590
71.953520 978.999335
71.953521 978.999113
71.953527 978.998950
71.953529 978.998669
71.953583 978.998662
71.953606 978.998135
71.953608 978.997963
71.953617 978.997134
71.953641 978.996744
71.953655 978.995375
71.953655 978.994977
71.953655 978.994924
71.953655 978.994903
71.953655 978.994639
71.953655 978.994597
71.953655 978.994397
71.953655 978.994246
71.953655 978.993904
71.953655 978.993887
71.953655 978.993885
71.953655 978.993868
71.953655 978.993863
71.953655 978.993837
71.953655 978.993113
71.953655 978.992677
71.953655 978.990246
71.953656 978.990030
71.953656 978.986695
71.953656 978.986368
71.953656 978.986298
71.953656 978.986263
71.956258 978.986106
71.956458 978.985996
71.956520 978.985022
71.957235 978.983164
71.959150 978.982227
71.959170 978.973917
71.959302 978.971546
71.961285 978.970792
71.961350 978.970653
71.961378 978.970586
71.961430 978.970576
71.961446 978.970522
71.961494 978.970507
71.961823 978.970451
71.961942 978.970411
71.962388 978.966507
71.963689 978.955477
72.002724 978.851720
72.027335 978.851379
72.030784 978.850407
72.033574 978.849613
72.034451 978.754737
72.046433 978.747301
72.056838 978.647832
72.089170 978.637845
72.555570 978.637355
72.675292 978.635162
72.887300 978.634525
74.425506 978.629964
84.387516 978.395394
84.387646 978.384814
84.387789 978.362338
84.387921 978.359482
84.387982 978.354655
84.387999 978.353055
84.388041 978.349146
84.389522 977.899393
84.390487 977.893206
84.390584 977.890264
84.391219 977.888001
84.393175 977.883974
84.939089 977.804413
85.016061 977.668023
85.116671 977.556661
85.134484 977.447352
85.134512 977.435299
85.134514 977.434422
85.134530 977.433300
85.134653 977.433237
85.134655 977.433190
85.135556 977.414331
85.520005 977.060078
86.180093 977.028237
88.142798 976.432109
88.947342 975.776191
89.119305 975.446441
89.119798 974.889437
89.120103 974.889401
89.120761 974.889237
89.121076 974.889127
89.121622 974.889105
89.128564 974.886961
89.155957 974.885454
89.179526 973.162260
89.269100 973.143872
89.572789 973.026471
89.614948 973.025530
89.761072 972.885546
89.789501 972.870961
89.806494 972.838503
89.819990 972.815480
89.828124 972.789282
89.835560 972.778564
89.843424 972.760870
89.869832 972.660614
89.929365 972.504638
89.996683 972.504627
90.011296 972.504598
90.899282 972.503588
90.909111 972.503147
90.910154 972.503058
90.912340 972.503056
90.930502 972.503031
90.983913 972.502853
90.984756 972.502800
90.992304 972.502799
90.993191 972.502767
90.994821 972.502738
91.001011 972.502649
91.176097 972.370325
92.590142 971.556600
92.633704 971.524836
92.734804 971.524656
92.785068 971.507103
92.798532 971.505030
92.828366 971.504013
92.867857 971.467502
92.913234 971.466862
92.924903 971.466605
92.946869 971.465943
92.947212 971.433899
92.947453 971.426182
93.145214 970.891716
96.224490 970.108722
96.225728 970.108716
96.226893 970.107119
96.228967 970.106788
96.229235 970.106513
96.229361 970.105229
96.230921 970.105025
96.230924 970.103690
96.231576 970.103321
96.251001 970.100917
98.886829 970.089132
99.096740 970.009181
99.248049 969.949083
99.414042 969.928506
101.569120 969.734548
111.506250 969.587602
131.825028 968.060494
132.885102 965.466170
133.335722 964.331533
133.618575 964.062558
133.695176 960.931493
137.291674 960.425735
137.554613 959.183022
137.609996 959.177661
137.657990 959.165620
137.675914 959.151226
137.701535 959.145446
137.705892 958.730163
137.707595 958.667666
137.810053 958.583958
137.902561 958.518995
138.095653 958.448405
138.176946 958.442640
138.275270 958.385662
138.300550 958.376269
138.543015 957.910487
139.459821 957.876679
140.202557 957.734832
141.225665 957.707884
141.557316 957.694837
142.014924 955.883437
142.068268 949.332608
142.270519 949.202100
142.270624 949.179718
142.270974 949.139399
142.275693 949.070964
142.304124 949.038483
142.318253 948.302570
142.495000 945.240774
142.604095 945.201030
142.621143 945.023506
280.739249 941.464826
297.004238 936.700116
340.507882 936.449326
344.191397 889.426718
344.389358 889.305759
346.716910 889.165097
347.275687 889.134104
347.418322 887.855469
347.832513 886.071159
347.924856 885.088239
349.293187 869.270202
349.750681 859.708656
350.236075 850.040720
352.837121 833.567286
353.296035 802.987702
354.879187 800.752217
355.308205 781.241991
355.933704 779.599637
356.033363 779.312430
356.056163 778.994135
356.286062 778.597599
356.862730 768.065891
357.031541 756.971457
357.040535 754.519582
357.042140 754.160736
357.042165 753.688781
357.042194 752.188940
357.042271 751.233376
357.042324 749.982284
357.095952 747.538628
369.126276 742.470844
369.269468 736.949285
369.578568 713.672302
375.988465 706.821228
398.287579 698.842114
399.413143 657.303520
402.530040 643.123616
403.024144 601.104154
403.438174 584.894973
404.007639 530.090062
404.011004 440.571841
404.011318 440.565206
404.012219 440.538848
404.012582 440.324324
404.012699 438.619531
404.012736 438.241298
404.012755 438.120071
404.012771 436.194219
404.027639 376.673226
404.034061 357.186842
437.903405 250.366046
449.543494 172.778526
466.662424 172.212220
476.357332 171.998967
517.029310 171.716885
535.454578 170.879660
617.607852 170.706889
622.059703 169.670334
622.447430 168.908918
622.791750 167.981857
623.495948 167.940374
623.676013 167.587030
623.690586 167.480630
623.697739 167.458801
624.222941 167.444271
624.373368 167.392776
626.998045 167.230946
627.193768 166.949871
627.254207 166.753577
629.642677 160.967331
630.649163 160.942774
630.972626 160.934290
634.220479 160.917360
636.853865 159.749700
637.691371 159.482477
637.987776 159.068480
638.022487 159.052508
638.023632 159.051463
638.028317 159.049830
638.032344 159.045787
638.033069 159.043486
638.109437 159.043234
638.113148 159.043156
638.117341 159.042279
638.302814 159.024334
638.311863 159.015154
638.312894 159.015114
638.316381 159.014981
638.316555 159.014971
638.316825 159.014957
638.320782 159.014928
638.320946 159.014701
638.325526 159.011046
638.325622 159.010960
638.325624 159.010953
638.325672 159.010951
638.325702 159.010940
638.325726 159.010936
638.326082 159.010738
638.330579 159.009965
638.331603 159.009184
638.337380 159.008876
638.337926 159.005559
638.357237 158.938551
638.390462 158.921521
638.453596 158.878979
638.453899 158.842383
638.459954 158.835498
639.008926 158.336988
640.918074 158.298153
640.919099 158.272894
640.929730 158.259964
673.467226 158.137159
678.655713 157.661297
686.226424 157.658505
694.350756 157.657896
696.670546 157.657857
708.510758 157.655638
721.647618 157.655050
739.713656 157.654891
759.814312 157.652854
768.281353 157.650818
782.073349 157.649223
792.307286 157.649174
796.153389 157.649031
796.315674 157.649024
796.333813 157.649014
797.232241 157.649010
797.393365 157.514798
799.237504 157.492849
803.589078 157.487652
804.901508 157.299915
821.397718 157.068543
827.428806 156.769745
827.431423 156.766276
827.444895 156.761885
827.446561 156.761588
827.451050 156.761588
827.451614 156.760748
827.508866 156.757911
827.518992 156.748696
827.549038 156.698946
828.788883 156.670844
828.789278 156.670617
828.792924 156.669968
828.803866 156.668884
828.891809 156.666923
830.299281 156.545137
830.623069 156.390465
843.360632 156.177900
843.368968 131.356974
843.758186 98.971771
844.911789 95.393186
845.018418 95.302121
845.827374 79.992077
845.960706 72.917061
846.735443 70.369967
847.558833 69.580797
847.887301 68.792170
847.914376 68.252609
847.918286 67.826508
848.012586 66.271145
848.033327 64.904861
848.191177 64.833776
848.225404 63.838604
848.346825 63.538800
848.354326 63.531186
848.376906 63.517543
848.816805 63.514290
849.329373 63.514037
849.422026 63.494425
852.895166 47.138496
854.650272 45.164228
857.003823 44.781369
858.536459 43.936279
858.670506 35.410485
858.733355 35.340455
873.119002 28.332346
873.125685 27.688453
873.601136 27.613281
873.784200 27.526028
873.835453 25.293780
874.198073 24.679891
874.225627 24.148318
875.096032 23.872766
875.260775 22.687739
875.262768 22.113634
875.267494 21.964152
875.292494 21.780096
875.311966 21.214685
875.315906 21.214623
875.321610 21.214622
875.321855 21.213555
875.322037 21.213416
875.322058 21.210749
875.322951 21.205700
875.323977 21.157415
875.327082 21.150908
875.415082 20.684916
876.790561 18.349216
876.805081 18.332160
877.047503 18.195159
877.194017 17.337012
877.274578 17.202300
881.192404 15.999683
881.636378 15.928636
882.127340 15.611228
882.653403 15.448759
882.654107 15.448493
882.657336 15.448181
882.669133 15.445460
882.677936 15.442587
882.691512 15.441823
882.999846 15.358502
883.007534 15.345220
883.008567 15.344165
883.038545 15.343914
883.038718 15.330614
883.038845 15.324677
883.041921 15.312526
883.110176 14.108261
883.163287 14.033730
883.213177 13.986102
883.259356 13.918918
883.277312 13.905191
883.305994 13.069621
883.310863 11.926768
883.312045 11.917874
883.315646 11.906821
883.317519 11.555217
883.689320 11.540891
883.768083 8.637668
883.803980 7.196119
883.818277 7.031976
883.820940 7.012298
883.822327 6.938462
883.831015 6.767652
883.954072 6.547573
884.058254 6.315646
898.042766 4.778470
950.754021 3.514231
970.437769 1.484582
973.321673 1.117984
