800.000000 2.000000
0.057713 999.973743
0.275734 999.973658
0.319708 999.972811
0.347669 999.970133
0.582290 999.963550
0.670092 999.906775
0.680618 999.906774
0.699616 999.906714
0.836103 999.742913
0.844002 999.641190
0.957953 999.627374
1.177384 999.626663
1.181598 999.625777
1.531819 999.560139
1.816675 999.488747
1.848252 999.432238
1.848333 999.431606
1.848334 999.431590
1.848334 999.431540
1.848334 999.430974
1.848334 999.430827
1.848334 999.430642
1.848337 999.430355
1.848337 999.430154
1.848337 999.428447
1.852909 999.428293
1.855329 999.428181
1.864896 999.428056
1.869331 999.425488
1.882250 999.421934
1.882489 999.420216
1.883007 999.419626
1.884325 999.411903
1.884335 999.411397
1.884403 999.411323
1.884603 999.410879
1.884609 999.410202
1.979859 999.398336
2.005786 999.398199
2.021202 999.386167
2.247122 999.385449
2.247151 999.385358
2.247195 999.385347
2.247196 999.385327
2.247909 999.385067
2.249976 999.380258
2.250317 999.380046
2.250332 999.379930
2.250430 999.376681
2.250775 999.376168
2.264164 999.375773
2.279187 999.372793
2.294764 999.372751
2.523335 999.364427
2.570572 999.356834
2.570577 999.356770
2.570953 999.356037
2.571096 999.355754
2.576350 999.316574
3.377501 999.291141
3.465606 999.271918
3.484020 999.271336
3.825424 999.270851
4.052132 999.267851
5.664479 999.247437
5.681011 999.246276
5.689716 999.244822
5.705788 999.244769
5.712161 999.244348
5.713840 999.244062
5.715819 999.244007
5.717945 999.243973
5.723226 999.243893
5.723338 999.242492
5.723343 999.242475
5.723349 999.242470
5.723400 999.242159
5.724490 999.241809
5.724647 999.241010
5.725957 999.240158
6.132848 999.237202
6.204152 999.237165
6.643554 999.228426
7.409705 999.035404
7.764550 998.873913
7.859271 998.434680
7.884580 998.047477
7.891031 997.921501
7.945606 997.898157
7.946373 997.897811
7.959151 997.896648
8.039837 997.886305
8.056174 997.879854
8.057814 997.878429
8.059283 997.877399
8.081264 997.855616
8.081851 997.855013
8.083335 997.850905
8.084226 997.761182
8.111792 997.759652
8.112064 997.759619
8.112442 997.759613
8.112979 997.759598
8.113212 997.759594
8.113302 997.759582
8.173544 997.759083
8.180649 997.758998
8.181095 997.758889
8.185823 997.758845
8.299428 997.756153
8.329332 997.756113
8.348375 997.742294
8.373879 997.617240
8.423541 997.540364
8.453411 997.519486
8.458037 997.508960
8.467365 997.497704
8.486282 997.448592
8.489664 997.350750
8.565472 996.918721
8.590796 996.870822
8.590912 996.870815
8.591230 996.870788
8.592053 996.870781
8.592106 996.870779
8.592106 996.870774
8.592160 996.870772
8.592308 996.870771
8.592373 996.870768
8.593598 996.870757
8.606587 996.868551
8.821961 972.209857
11.224155 970.225118
21.519712 966.304920
30.164131 965.991022
30.265685 965.990955
30.344189 965.990755
31.169651 965.989810
31.974459 965.989319
32.473640 965.988990
34.509176 965.987488
37.252340 965.986013
39.066183 965.965835
39.488468 965.915155
39.489698 965.915074
40.039561 965.914324
40.533966 964.333073
40.719600 964.238399
40.997726 964.199443
41.100300 964.133391
41.605646 964.102753
41.631967 964.102581
41.674903 964.102263
41.902398 964.101483
41.903083 964.101375
41.903790 964.101120
41.906611 964.100729
41.908130 964.100298
41.917028 964.100103
41.919524 964.099633
41.922042 964.099439
41.924238 964.099110
42.191693 964.099096
42.200963 964.099088
42.218271 964.099087
42.219412 964.099087
42.219963 964.099086
42.234859 964.099086
42.267210 964.099081
43.162521 964.099063
46.562146 959.085391
47.780841 947.761566
48.484437 935.221443
55.166231 929.722066
83.368306 922.519537
132.387337 913.191083
133.016393 913.096966
133.689194 913.066960
133.715698 913.014912
133.856831 912.970606
133.856890 912.801209
133.856909 912.799666
133.856992 912.798536
133.857280 912.658041
135.161132 877.676559
138.409483 877.622082
141.656194 877.570870
141.711689 876.003224
141.951398 875.796918
142.283647 875.028879
143.443491 874.968885
143.776183 874.803101
144.138343 874.772660
144.569354 874.676821
144.587479 874.613603
145.367131 874.552449
145.372640 874.501732
188.411584 871.760458
189.957169 868.942224
196.028775 853.124837
197.843961 852.997011
198.035469 852.389967
198.307304 851.742659
198.329207 851.726588
198.332360 851.719266
198.707764 851.716691
200.323112 851.684688
202.301606 851.661236
202.391520 851.472947
202.866139 851.463603
202.958511 851.461954
203.341404 851.454082
203.517867 851.447529
203.750018 851.423630
203.862844 851.370520
207.949112 851.161370
220.849869 840.982966
228.485469 840.763405
234.740074 840.715343
257.703552 840.632021
259.788668 840.452496
261.098515 840.409810
274.030415 840.383298
275.037964 840.383002
276.327007 840.382778
276.362094 840.382498
276.365576 840.382404
276.484963 840.382400
276.646328 840.381854
277.516331 840.369183
277.655535 840.361400
277.815334 840.358323
284.238145 840.356653
284.583465 840.355634
286.631186 840.307400
287.932064 840.306538
288.337251 840.306437
288.342413 840.306427
288.344510 840.306402
288.354636 840.306381
288.506611 840.306307
288.507625 840.306256
288.507981 840.306221
288.508072 840.306168
385.246141 840.303511
385.262725 840.303208
385.359229 840.303197
385.380834 840.303186
385.494703 840.302990
386.105523 840.302531
386.152603 840.302528
386.172515 840.302507
386.184382 840.302505
386.187190 840.302503
387.403094 840.300546
388.042468 840.300172
388.838965 840.300027
389.167462 840.300026
389.212285 840.300026
389.223704 840.299881
389.329343 840.299522
389.381898 840.299415
389.394940 840.299396
389.521297 840.299198
389.542019 840.298882
389.879712 840.298662
395.501087 840.298424
397.151072 839.784728
397.649669 839.783870
399.293654 839.778925
401.180029 839.301436
401.790693 839.299499
402.129253 838.898992
403.807412 838.837839
404.088925 838.424647
406.709591 835.875139
407.604302 835.177793
408.044203 835.140238
409.436343 834.858534
409.451556 833.955337
409.930416 833.637177
410.241530 833.284983
410.306230 833.137021
410.665808 833.106524
413.755111 832.692815
413.771884 832.565751
413.911423 832.438338
414.010399 832.243494
414.164006 831.778259
417.408432 829.670507
418.230913 825.320562
418.504625 823.565224
419.639329 823.441522
421.844786 822.531555
422.203058 822.265921
428.317726 821.819685
449.790046 821.784185
470.559702 821.635692
473.457681 821.435262
473.540088 820.259615
476.990643 816.283532
499.679657 794.670589
500.654621 794.527691
502.618738 794.276128
503.461590 794.098413
506.974094 793.834515
506.998470 792.668076
512.385069 788.592786
538.555431 787.123910
581.875701 775.255737
597.865426 774.508318
598.185114 774.465326
600.084940 773.109314
600.561301 773.029792
600.567964 773.018478
600.734311 772.995159
600.943584 764.526496
601.285937 759.326174
601.306192 759.095882
601.306304 758.707394
601.312564 758.651335
601.334722 758.580450
601.338000 758.360321
608.883095 757.302078
609.164062 747.181003
614.376401 744.896222
614.406917 744.878315
614.416669 744.859773
614.436233 744.858024
614.466040 744.838828
614.776419 744.773037
614.907663 744.605523
615.394458 744.543356
616.496410 744.455371
616.570387 744.371389
616.859955 744.347316
617.152776 744.210662
617.278014 744.209655
617.486016 744.209006
617.999762 744.208843
618.255748 744.208759
620.681435 743.991462
620.961077 743.974586
621.173407 743.917120
621.309074 743.892361
621.484580 743.791917
623.780354 742.964284
623.807152 742.320520
623.818065 741.960943
623.820705 741.910354
623.821160 741.869222
623.821393 741.840627
623.821656 741.624904
623.825761 741.369109
623.846258 741.266291
623.871377 740.824172
623.871925 740.622909
623.871939 740.618784
623.872253 740.618627
623.877961 740.348692
623.895171 739.060499
623.897225 738.327718
623.899664 738.125387
623.903423 737.212712
623.906490 737.200582
623.908995 737.022686
623.909723 735.755494
623.910925 735.646830
623.910952 735.626370
623.911099 735.618877
623.911231 735.601338
623.917184 735.450506
623.917199 735.450344
623.917243 735.450306
623.917296 735.447208
623.917320 735.446573
623.917417 735.440154
623.917929 735.429453
623.918041 735.424440
623.918179 735.419415
623.918239 735.406717
623.918323 735.384168
623.918324 735.304336
623.919507 735.246790
623.921498 735.220984
623.921789 735.129687
623.922490 734.986520
623.922608 734.906806
629.317286 726.514672
633.672045 725.665231
633.837100 725.073409
634.432651 722.935723
634.512160 722.862687
636.826247 722.548890
637.348968 719.725043
637.359027 719.724280
637.368353 719.696460
637.405414 719.677712
637.453351 719.520855
637.489883 719.517817
637.535090 719.513468
637.629868 718.813312
637.935131 709.229598
638.506107 707.378026
638.596240 707.362360
639.810677 707.358835
639.939091 707.213793
640.121971 707.109287
640.678024 707.060494
641.505924 706.976203
641.737300 706.846361
642.341217 706.820209
642.610921 706.734636
644.165991 706.449302
644.166254 706.449283
644.166691 706.447626
644.228627 706.440476
644.678248 706.438429
645.665702 706.303208
645.666661 705.962864
645.701925 705.319690
645.741605 704.359896
645.912513 703.444991
646.808734 701.954898
658.781842 701.948019
660.326678 701.690306
692.403797 701.677743
693.434176 701.677557
696.080075 701.677546
696.586409 701.677535
702.503378 701.611689
702.769032 701.557206
702.860904 701.471242
703.837948 701.324546
713.339782 701.280344
756.978750 698.292543
832.931128 698.008778
841.920108 697.652745
843.364021 696.554945
843.586431 695.754278
843.596167 695.753464
843.618842 695.674544
843.732849 695.587332
844.009278 695.542915
844.009290 695.538534
844.011338 695.444773
844.011382 695.384778
844.070201 645.728303
844.142483 555.540277
844.834456 490.196855
844.840126 490.113690
844.842419 490.098116
844.842873 489.974949
844.907936 488.025279
844.946841 425.810497
844.979543 413.437275
847.704638 340.553864
847.759296 339.458821
847.792075 337.330641
847.932697 335.217093
847.954470 330.168346
850.792251 326.217923
852.167280 324.276355
853.010006 321.816967
853.030845 321.720297
853.051536 321.656549
853.205459 321.307609
853.613938 321.252563
853.709502 321.239211
854.049777 321.188596
854.739723 320.808951
855.720194 320.500314
855.795088 320.496756
856.016486 320.477619
862.694002 319.541778
863.579609 318.032174
864.185190 317.468229
864.403095 317.382270
864.731362 317.285516
864.791167 296.802270
865.076488 283.346751
865.109163 281.441068
865.125936 260.874164
866.088706 257.042612
866.166587 244.253062
867.111718 227.520962
867.150155 227.480783
867.197468 227.449121
867.312924 226.585920
867.403290 224.404318
867.647420 224.136537
868.739778 222.668392
868.844587 221.077496
869.000233 219.915500
869.419033 219.892511
870.212656 208.113873
871.879245 194.995405
873.328598 173.106547
873.330212 173.104948
873.334111 173.103878
873.339057 173.102376
873.381342 173.070110
873.398117 173.068878
873.457677 173.049017
873.528746 172.915247
873.585612 172.833909
873.606309 172.820895
873.618082 172.627295
873.618148 172.626307
873.619698 172.626248
873.619880 172.626208
873.622420 172.626197
873.639817 172.624931
873.647334 172.623521
873.647396 172.622000
873.647398 172.620748
873.647518 172.619012
873.647592 172.618758
873.647704 172.618747
873.647712 172.618734
873.647720 172.618729
873.647741 172.618264
873.647748 172.618168
873.647800 172.617850
873.648147 172.615444
873.648148 172.612139
873.648183 172.607025
873.662531 172.593808
873.709518 172.580936
873.713369 172.580892
873.731815 172.580835
873.764582 172.580162
873.785563 172.579886
873.787097 172.536714
873.787587 172.535580
873.797142 172.479420
873.827223 172.407261
873.827708 172.353372
873.828315 172.348923
873.842801 172.337129
873.879950 172.328549
873.890326 172.324574
874.052794 172.324410
874.085488 172.324108
874.091121 172.321404
874.094456 172.321213
874.109293 172.317962
874.149764 172.267966
874.166145 172.249761
874.167353 172.222705
874.167369 172.222126
874.167371 172.220513
874.167493 172.119469
874.167512 172.029385
874.167512 172.021994
874.167512 172.008080
874.167512 172.005156
874.167512 171.996943
874.167512 171.994023
874.167512 171.994011
874.167512 171.993984
874.167512 171.993983
874.167512 171.993507
874.167512 171.992762
874.167512 171.992258
874.167512 171.991204
874.167512 171.991067
874.167552 171.950993
874.167576 171.931951
874.167653 171.919487
874.167733 171.916970
874.167804 171.912694
874.167826 171.879467
874.167979 171.870230
874.168030 171.867688
874.168165 171.769321
874.168279 171.769248
874.168410 171.768999
874.168662 171.765165
874.168699 171.743130
874.169194 171.696306
874.173921 171.636781
874.176804 169.371386
874.180450 167.938366
874.200347 167.923059
874.225631 167.922695
874.237309 167.922275
874.241917 167.921844
874.242841 167.921113
874.242978 167.901110
874.243392 167.858222
874.245511 167.801348
874.914093 161.489434
875.089763 160.017443
875.094609 158.678650
875.101706 158.644346
875.166598 158.513276
875.179257 158.397940
875.418839 157.614929
886.796787 153.730834
886.987993 153.729306
887.297952 153.714517
887.305203 153.714393
887.888558 153.689412
888.149506 153.688966
888.154928 153.677348
888.162709 153.677193
888.203885 153.660957
888.401093 153.660144
888.452316 153.658660
890.431571 153.608512
895.947793 153.476019
895.948389 153.461538
895.948510 153.451359
895.948624 153.435515
895.948738 153.432518
895.949390 153.377272
895.995952 153.110002
896.294769 151.934532
896.344619 149.122603
896.408192 147.626088
896.433071 141.447372
896.439216 137.649749
896.469281 136.652574
896.588536 124.174619
896.705422 116.253886
896.706576 116.245868
896.707166 116.198509
896.710328 116.169294
897.028189 114.219487
897.034879 113.278800
897.191907 113.084930
897.208795 112.541596
897.284067 112.432503
897.295039 112.429838
897.297883 112.414112
897.320906 112.393056
897.320945 110.764242
897.321650 110.729667
897.322567 110.659901
897.323501 110.627574
897.323617 110.573997
897.323929 110.569163
897.324242 110.563535
897.324254 110.560031
897.324255 110.558378
897.324256 110.557932
897.324256 110.557921
897.324258 110.557846
897.324260 110.557833
897.324265 110.553850
897.324275 110.553546
897.324278 110.553546
897.324280 110.553546
897.324285 110.553543
897.324287 110.550990
897.324292 110.550556
897.324295 110.549798
897.324298 110.549234
897.324308 110.548761
897.324314 110.548612
897.324321 110.547601
897.324322 110.547574
897.324323 110.547567
897.324335 110.546456
897.325433 110.446168
897.325436 110.196954
897.325825 110.042046
897.331830 110.022781
897.334078 109.998411
897.336488 109.789498
897.337810 109.628138
897.337869 109.517208
897.338649 109.491347
897.338667 109.436976
897.338976 109.392530
897.343250 109.390223
897.353671 109.307945
897.371154 109.178694
898.826058 108.450085
898.830698 108.430164
898.893419 108.424301
898.895194 108.421799
899.028064 107.090644
899.375243 105.933804
900.113208 105.808231
900.339358 105.787017
900.752944 105.780159
901.008588 105.422985
901.012248 105.367292
901.015886 105.272402
901.085994 104.820814
901.540756 104.819254
901.554616 104.818620
901.637389 104.817894
901.692292 104.817714
901.707605 104.816897
901.738179 104.814838
901.741815 104.814143
901.747512 104.810959
901.749885 104.752647
901.983699 104.734573
902.843272 104.664415
903.061685 104.580849
903.223701 104.486897
903.231232 104.482997
903.286488 104.481942
903.298310 104.479768
903.384331 103.603081
904.249620 101.077271
904.249699 101.028618
904.249915 101.017114
904.249961 101.016287
904.250319 101.007749
904.253113 100.991077
904.253658 100.982923
904.254084 100.982813
904.254165 100.982560
904.254207 100.982546
904.254664 100.982449
904.297587 100.823636
904.298767 100.770721
904.299315 100.306175
904.300329 100.304796
904.303686 100.300140
904.305434 100.248388
904.307437 100.185079
904.310194 100.184081
904.310342 100.169878
904.311814 100.157529
904.317785 100.129524
904.320629 100.094293
904.566054 100.009838
905.025884 99.860414
905.298691 99.832825
905.299664 99.807968
905.300514 99.805648
905.333317 99.802026
905.431163 99.798505
905.444447 99.790412
905.487134 99.761513
905.616986 99.219354
905.617012 99.218460
905.617013 99.217818
905.617039 99.215360
905.617061 99.212393
905.617532 99.190925
905.618342 99.190429
905.618519 99.190212
905.618562 99.189246
905.631828 99.110420
905.631832 99.109892
905.631833 99.109034
905.631938 99.108048
905.632589 99.104173
905.664837 99.052875
905.703648 99.044110
905.732258 98.880566
905.910675 98.846497
905.917062 98.845898
905.926741 98.843568
906.018169 98.838803
906.053760 98.833996
906.954724 98.785851
907.375646 98.656885
907.928586 98.535677
921.873215 97.889604
940.069978 70.516785
943.575974 29.715213
959.735634 29.699611
963.665870 29.652488
963.883051 29.649256
963.953393 29.647035
964.007778 29.640753
968.342932 29.527438
968.459610 29.046808
968.521013 28.966642
968.586949 28.953261
968.587134 28.945644
968.587254 28.943775
968.587408 28.920922
968.588484 28.906917
968.591613 28.904257
968.999072 28.891740
969.254991 28.891012
969.289118 28.888458
970.180623 25.620786
970.668251 21.410165
970.737378 19.416783
970.766758 18.790516
970.775782 18.345895
970.788957 13.666797
971.024147 13.638136
971.281069 13.611691
974.540696 12.094355
979.823715 11.104203
984.884281 7.955211
988.412615 4.879892
992.567339 0.392879
996.753874 0.281270
