800.000000 2.000000
3.917878 999.438040
4.319444 998.684923
4.618350 998.568069
4.715911 995.259000
5.219654 989.180553
5.715668 988.910406
6.055879 988.471048
6.056514 987.827812
7.043752 982.399684
8.643969 980.749106
9.514246 979.764243
9.564254 979.741207
9.647463 979.724959
9.651565 979.690644
9.652520 979.652538
9.656084 979.616687
9.921135 979.367561
10.377489 979.300639
11.064821 979.116334
11.267778 977.535784
11.284429 977.515201
12.402401 977.426172
13.020101 977.403455
13.202544 977.320311
13.854168 977.299986
19.833325 977.167329
23.802054 977.019088
24.189561 976.871743
24.260229 975.263324
24.260543 975.257741
24.261169 975.255296
24.265918 975.199810
24.268212 975.199764
24.269354 975.199753
24.272178 975.199292
24.275357 975.189133
24.280547 975.174120
27.516676 973.889344
27.547717 973.888197
27.553759 973.888154
27.556380 973.888021
27.556869 973.888004
27.557186 973.887948
27.557641 973.887491
27.560498 973.887119
27.560707 973.884310
27.561020 973.883730
27.561226 973.883557
27.562292 973.880798
27.565601 973.873935
27.572039 973.872164
27.677254 973.871397
27.678404 973.858137
27.796545 973.857814
27.857403 973.857759
28.004992 973.857735
28.121085 973.851138
28.122635 973.851118
28.233596 973.850710
28.589757 973.798969
28.703849 973.763787
28.772500 973.720664
29.592815 973.712667
29.649225 973.639077
32.195018 973.543439
32.265368 973.471850
34.553870 972.740089
34.640226 972.688771
34.657488 972.670650
34.682016 972.635543
36.031610 972.612558
36.036261 972.612323
36.037510 972.609351
36.044147 972.609341
36.044147 972.609340
36.044148 972.609324
36.044154 972.609318
36.044160 972.609268
36.044163 972.609267
36.044175 972.609266
36.044189 972.609265
36.044191 972.609264
36.044270 972.609259
36.091370 972.608119
36.096505 972.605469
36.234192 971.589422
36.558723 971.354320
36.696145 970.869204
36.761581 970.502913
36.807600 969.692494
36.841136 967.582610
36.891669 964.859921
37.684928 940.258491
38.752291 940.074085
39.760437 937.631496
40.038598 937.308193
40.067914 937.014012
40.287602 936.557419
40.739254 930.083097
40.740692 929.590866
40.741113 929.420798
40.748491 928.400380
40.752874 927.489070
40.753101 927.429996
40.891767 926.520338
41.063723 925.724027
41.064139 925.204930
41.064743 925.164560
41.067980 925.148101
41.076254 925.115204
41.076291 925.070509
41.077737 925.066944
41.080759 925.065272
41.081285 925.063440
41.081481 925.044756
41.081756 924.733231
41.084212 924.669879
41.084213 924.669565
41.084229 924.669553
41.084229 924.669553
41.084229 924.669553
41.084229 924.669552
41.084229 924.669551
41.084229 924.669551
41.084537 924.669534
41.084648 924.669514
41.084689 924.669514
41.084737 924.669509
41.084770 924.669509
41.084919 924.668290
41.085041 924.668030
41.085821 924.667425
41.086910 924.667278
41.087250 924.667129
41.087399 924.667129
41.087946 924.667129
41.089649 924.667129
41.090493 924.667129
41.092517 924.662103
41.092529 924.661954
41.092539 924.661930
41.093561 924.661925
41.094230 924.661918
41.106292 924.604427
41.175444 924.580200
41.236029 924.183314
41.250291 923.323286
41.250694 923.263944
41.250750 923.259181
41.250779 923.253545
41.250787 923.252504
41.250994 923.252322
41.251302 923.252300
41.251324 923.252289
41.251351 923.252281
41.251356 923.252275
41.251359 923.252260
41.251363 923.252249
41.251364 923.252219
41.251444 923.251997
41.251668 923.238628
41.252066 923.194152
41.252216 923.127101
41.252276 923.126017
41.252319 923.125762
41.252436 923.124872
41.252594 923.107087
41.252624 923.071158
41.253395 923.068652
41.254328 923.049634
41.256123 922.957587
41.262279 922.879203
41.263050 922.872315
41.263877 922.862413
41.263940 922.546489
41.264119 922.290144
41.264390 922.188779
41.453998 922.184146
43.712880 921.348019
43.791138 917.588934
44.179192 909.127965
44.191252 907.279644
45.515290 905.931526
46.323950 905.884286
46.711177 905.881440
46.714014 905.739891
46.723624 905.738546
46.736256 905.737496
46.851914 905.698528
47.087791 901.928873
47.273327 901.226582
47.459571 901.163721
47.590622 901.163214
47.618513 901.163140
47.634124 901.162688
47.682707 901.162337
47.707177 901.161596
47.729780 901.160166
47.822013 901.158490
47.926844 901.158016
48.229189 901.157249
48.229190 900.927045
48.229192 900.802358
48.230323 900.576327
48.239685 899.904765
48.268600 899.680870
48.273444 899.213261
48.304734 898.462740
48.306563 898.145868
48.313620 897.873631
48.313758 897.870626
48.314072 897.869650
48.314711 897.863026
48.314771 897.854530
48.314924 897.850004
48.314992 897.847958
48.315131 897.841840
48.315579 897.821814
48.315582 897.820587
48.315605 897.805959
48.315691 897.803118
48.315692 897.800178
48.315692 897.799189
48.316121 897.795588
48.316148 897.795559
48.316186 897.789374
48.316293 897.781729
48.316607 897.735082
48.316913 897.647623
48.317297 897.056803
48.318360 897.038692
48.392972 895.404151
48.393049 895.397706
48.393468 895.397505
48.393734 895.394372
48.403104 895.391090
48.403186 895.390977
48.403223 895.390935
48.403640 895.390934
48.403744 895.390926
48.403747 895.390926
48.403768 895.390926
48.403843 895.390925
48.403859 895.390925
48.403860 895.390925
48.403875 895.390925
48.403884 895.390924
48.403917 895.390922
48.404063 895.390919
48.404077 895.390915
48.404079 895.390914
48.404092 895.390890
48.404125 895.390877
48.404663 895.390855
48.404673 895.390854
48.404675 895.390844
48.404678 895.390833
48.406330 895.386915
48.406514 895.386127
48.408323 895.384786
48.408989 895.384607
48.416177 895.383226
48.416810 895.383026
48.416880 895.379985
48.416885 895.369139
48.416886 895.367344
48.416908 895.366340
48.416909 895.366277
48.416909 895.365865
48.416913 895.362622
48.416917 895.353584
48.416919 895.350881
48.416964 895.349906
48.417116 895.347397
48.417117 895.344430
48.417117 895.319113
48.417117 895.313694
48.417127 895.223342
48.417904 895.217899
48.560700 890.977635
48.561523 889.706330
48.561530 888.628405
48.561732 881.654852
48.590364 879.924856
48.602285 870.295726
48.646517 865.940343
48.681045 848.831439
49.221083 847.987023
49.223551 847.327607
49.241173 847.113080
49.264914 847.111213
49.279335 847.089329
49.283018 847.006840
49.302257 846.368164
49.303181 846.363263
49.303231 846.361759
49.305110 846.357602
49.305846 846.352518
49.309137 846.238510
50.503589 844.952492
50.917716 843.669308
51.465331 843.434771
51.518442 843.289345
51.727355 843.269816
51.740930 843.260609
53.079771 843.059538
53.544829 843.048802
55.245049 843.010428
55.329613 843.009972
55.396856 843.009895
55.769905 842.987410
55.784807 842.985474
55.884224 842.881737
55.898585 842.819354
55.919832 842.280070
56.383812 842.056791
56.875605 842.054996
60.820542 839.530148
62.621803 838.691994
63.638197 838.269892
64.034297 838.190190
64.102365 837.602298
64.120036 837.599551
64.120060 837.599499
64.120070 837.599454
64.120103 837.598943
64.120315 837.598734
64.120523 837.598579
64.120875 837.598141
64.121352 837.597807
64.123493 837.597659
64.123806 837.597532
64.123977 837.597531
64.123991 837.597530
64.124979 837.597477
64.125097 837.597471
64.125767 837.597098
64.127028 837.595312
64.127103 837.594897
64.127188 837.594541
64.141674 837.590651
64.166747 837.581003
64.166905 837.571471
64.166922 837.568926
64.166955 837.540640
64.166963 837.539295
64.166966 837.539198
64.166986 837.539187
64.167043 837.525643
64.167150 837.525641
64.167151 837.525640
64.167152 837.525637
64.167239 837.525336
64.167243 837.524858
64.167262 837.524670
64.167652 837.524019
64.168524 837.520266
64.179689 837.479489
64.187729 837.442494
64.187958 837.439645
64.188579 837.438110
64.188778 837.428453
64.192750 837.396126
64.193590 837.378728
64.193631 837.377843
64.193636 837.377799
64.193636 837.377556
64.193642 837.377096
64.193652 837.376264
64.193676 837.375639
64.193694 837.375356
64.193708 837.374319
64.193716 837.373781
64.193725 837.373777
64.193729 837.373714
64.193758 837.373266
64.214377 837.366311
64.244231 837.360160
64.246212 837.359507
64.247157 837.357935
64.248480 837.357663
64.252027 837.356704
64.274033 837.356664
64.275564 837.354125
64.276272 837.353070
64.276296 837.352676
64.276526 837.347906
64.279583 837.343956
64.280830 837.318934
64.290117 837.283893
64.293379 837.283630
64.294459 837.283480
64.294463 837.279638
64.294465 837.277363
64.294474 837.267256
64.295134 837.256550
64.295317 837.253419
64.301410 837.022326
64.301686 836.962212
64.303251 836.738588
64.303504 836.654021
64.314473 836.549992
64.343190 836.490552
64.364296 836.481341
64.439469 836.407585
64.444153 836.366331
64.466397 836.357707
64.500610 836.327400
64.518145 836.253709
64.597995 836.252851
64.655920 836.249476
64.701071 836.246320
64.724448 836.238669
64.730473 836.238406
64.731013 836.237766
64.732299 836.237414
64.733396 836.236815
64.733765 836.236626
64.733869 836.236423
64.733895 836.235561
64.739243 836.233940
64.746299 836.232867
64.746341 836.232808
64.746407 836.232623
64.746479 836.232543
64.746537 836.232493
64.746597 836.232149
64.750385 836.231310
64.768763 836.228765
64.811333 836.226922
64.811759 836.224803
64.820831 836.213185
64.839691 836.211872
64.839849 836.211448
64.840136 836.211189
64.840338 836.210974
64.898607 836.205334
64.935412 836.205166
64.936315 836.180620
64.939040 836.176237
64.948550 836.176119
64.970880 836.175933
64.974175 836.175282
64.991939 836.175219
65.000028 836.175067
65.082275 836.173250
65.088297 836.172365
65.134257 836.163653
65.327510 836.162796
65.332149 836.162498
65.344217 836.161840
65.344604 836.160625
65.345154 836.160530
65.345709 836.157145
65.345930 836.157130
65.346074 836.157130
65.346238 836.156494
65.346420 836.154054
65.347016 836.153586
65.347024 836.153586
65.347053 836.153586
65.347056 836.153586
65.347089 836.153586
65.347111 836.153586
65.347152 836.153586
65.347162 836.153585
65.347166 836.153585
65.347170 836.153585
65.347393 836.153409
65.347806 836.153288
65.347977 836.142974
65.356457 836.060242
65.361397 836.059714
65.370930 836.059627
65.374957 836.059372
65.379094 834.991622
65.492265 798.132369
65.685068 769.027038
65.712837 747.998796
67.722254 715.064169
70.948587 578.107750
70.977346 576.360660
71.059215 558.417737
71.228196 541.627078
71.277798 513.178913
71.324504 502.199891
71.338607 439.064058
71.340565 408.728819
71.448229 393.418247
71.458264 324.123016
71.471805 323.594718
71.762290 320.227500
111.436803 319.013126
133.813718 318.373852
133.819702 318.043908
133.825934 317.795277
133.843404 317.371439
133.937677 317.323670
135.079700 317.270202
142.781714 315.419765
144.291680 314.647824
146.506552 311.944295
146.514426 311.645755
146.514663 311.644876
146.515422 311.447586
146.516035 310.832070
146.663193 310.831993
146.677707 310.826349
146.742406 310.354684
149.841638 309.823937
151.745006 309.343583
157.910884 308.857598
158.562506 308.413743
183.401769 305.168625
183.513624 290.889735
183.614169 274.376909
183.757975 270.495102
219.457634 256.938815
220.129373 242.419819
221.085816 238.399634
222.075043 234.512635
222.145877 216.628950
222.526922 216.580399
222.943802 216.579167
223.315026 216.532898
223.979456 215.733110
224.244395 215.480405
224.593387 213.347986
226.075381 202.689942
226.096870 202.688352
226.157672 202.680621
226.164510 202.609321
226.257742 202.359472
227.394293 202.056536
235.515408 200.369003
244.021162 195.434657
251.523743 185.620419
293.180405 180.433758
295.050475 178.938661
304.547483 178.251016
335.335505 177.967650
351.584125 177.902594
351.837177 177.901188
353.085523 177.901149
353.092585 177.901144
353.861056 177.901005
354.035128 177.898059
354.994189 177.896990
356.024936 177.894726
356.352575 177.890438
356.897190 177.888890
357.622623 177.887015
359.283893 177.883354
361.366010 177.882816
362.943558 177.880826
366.196992 177.826422
368.769297 177.825719
372.478197 177.825036
372.925239 177.824622
372.928275 177.824622
372.931611 177.824618
372.932180 177.824592
372.932789 177.824575
372.933461 177.824572
373.117765 177.817247
373.208724 177.813321
397.066744 177.796419
399.563579 177.795372
403.780552 177.793331
407.074064 177.788065
409.065616 177.788045
409.585085 177.787899
414.728700 177.773563
418.037898 177.760143
418.414825 177.757124
418.781328 177.612825
418.877663 177.554627
420.587943 177.551796
420.813291 177.551692
420.814445 177.551689
420.815323 177.551689
420.815347 177.551688
420.817143 177.551687
420.829441 177.551683
425.378427 177.550512
425.426319 177.549279
427.173110 177.543528
427.492080 177.529145
439.776584 176.805789
440.184083 176.158396
442.837072 176.147498
447.699556 176.073695
447.850977 176.069123
448.195944 176.066405
448.239466 176.045101
448.248099 175.957526
448.253175 175.543108
448.260598 175.330211
448.266800 175.311924
448.297763 175.256163
448.319481 175.157009
448.395937 175.115803
448.435999 175.072217
448.436016 175.061362
448.436019 175.056476
448.436020 175.053235
448.436020 175.049950
448.436041 175.036294
448.436043 175.024973
448.436065 174.848968
448.436067 174.845912
448.436085 174.840269
448.436095 174.840195
448.436146 174.810821
448.436146 174.801419
448.436146 174.727600
448.436146 174.686714
448.436146 174.628108
448.436167 174.412898
448.436176 174.375234
448.436182 174.310843
448.436214 174.090709
448.439851 174.008027
449.288588 173.531854
449.711604 173.281987
450.058016 173.182950
450.356087 173.137731
450.473884 173.108959
450.503892 173.088181
450.573475 171.166342
450.638824 171.140916
450.690986 171.124589
450.699201 171.094203
450.967939 168.977398
452.828733 166.926933
455.662458 161.979937
455.677425 161.977001
455.682321 161.971155
455.720409 161.967542
455.725275 161.965113
455.726088 161.917782
455.726162 161.907588
455.740228 161.866830
455.832121 160.469306
455.832200 152.098482
455.832209 151.330550
455.832223 150.189781
455.832485 148.027246
455.832511 147.754812
455.832520 147.714543
455.832521 147.650520
455.833342 146.108161
455.833514 145.018953
455.833667 143.090983
455.835194 142.957629
455.940077 142.934574
455.952954 142.705849
456.110608 142.658383
456.196269 142.629255
456.203177 142.465744
456.355568 142.454537
456.367622 142.450257
456.675707 142.116540
456.838129 141.987893
456.840604 141.841947
456.841865 141.714024
456.845104 141.663852
456.845111 141.612985
456.845134 141.580025
456.846668 141.579451
456.847393 141.577499
456.847489 141.564291
456.847490 141.561330
456.847491 141.561247
456.847498 141.561188
456.847500 141.561150
456.847502 141.560568
456.847506 141.559071
456.847516 141.556764
456.847517 141.556667
456.847523 141.556523
456.847526 141.554917
456.847542 141.541590
456.847544 141.514281
456.847544 141.511461
456.847624 141.508121
456.847886 141.506769
456.860476 141.199941
456.861200 139.681466
456.877354 139.419248
456.877410 139.023385
456.890005 132.657346
456.907348 131.292626
456.922018 129.262750
456.933945 129.190952
456.933948 129.185423
456.933957 129.184679
456.934018 129.182934
456.934027 129.179267
456.934029 129.178950
456.934029 129.175979
456.934030 129.149175
456.934030 129.149153
456.934033 129.148528
456.934040 129.129607
456.934070 129.020847
456.934232 128.819353
456.934397 128.797826
456.934610 128.769985
456.934702 126.638031
456.934777 126.578819
456.934931 126.265897
456.950615 125.710080
456.952622 123.498138
456.957127 123.020173
456.976163 121.053376
457.018973 120.603057
457.120189 120.348448
457.143794 120.319693
457.170600 120.282407
457.193255 120.215889
457.207920 120.158069
457.286386 120.153893
457.289832 120.151797
457.313954 120.142504
457.315334 120.084645
457.315485 119.977498
457.315514 119.768380
457.315579 119.637980
457.315651 119.584883
457.315708 119.163194
457.316133 119.144932
457.317344 119.144150
457.317390 119.143602
457.317395 119.143572
457.318112 118.866406
457.318261 118.862420
457.318753 118.846674
457.332622 118.393783
457.376837 117.652830
457.543106 114.114457
457.593907 112.570544
457.596804 100.245053
457.604730 98.567959
457.610867 98.175369
457.629865 95.922084
457.657009 94.080547
457.936352 83.800293
457.961579 82.063805
457.965030 80.274991
459.518417 70.443479
459.639627 69.634443
461.244250 68.854814
464.178238 55.903524
464.770790 55.233786
465.080017 55.043573
465.548023 55.005178
465.743191 54.999897
465.763071 54.964575
466.766758 54.962689
466.777850 53.940506
466.782175 53.436433
466.835427 53.006468
466.852654 52.563799
466.860460 52.362924
466.866868 51.994001
466.868036 47.509137
466.868113 46.099683
466.868202 42.390355
466.868330 40.268589
467.430920 39.294072
467.447235 39.233787
467.541840 38.705013
467.753400 38.347184
467.801832 34.219374
467.830123 34.185705
467.999434 32.218404
468.001900 32.217551
468.083448 32.215617
468.173732 32.208655
468.181898 32.205357
468.223330 32.204966
468.242113 27.066152
468.280838 24.864130
468.282851 21.454138
468.286737 19.002905
468.287742 18.925606
468.288460 18.743240
468.288616 18.549359
468.290186 17.134307
469.281530 13.121603
469.553281 11.648164
580.024321 10.699439
630.276715 9.769430
747.542782 9.578787
936.162114 8.088729
936.927117 2.670742
940.375514 1.426823
940.730763 1.213627
988.972594 0.810466
