800.000000 2.000000
198.465867 975.998848
199.885570 974.066488
203.319585 973.651268
204.048225 971.418774
204.960524 967.315375
205.239957 965.431016
205.719485 962.015021
206.249128 959.686881
206.629059 952.466342
238.611072 950.374746
239.174881 950.109118
240.022469 949.108674
293.782509 947.713762
294.010333 947.706875
294.091820 947.705083
294.162898 947.704260
294.196723 947.703172
294.345430 947.702105
294.356372 947.688539
294.357063 947.688437
294.357467 947.687780
294.357668 947.683960
294.392939 947.669879
298.511871 947.647242
303.477616 947.629407
303.635021 947.619644
303.702014 947.607058
304.588397 947.566730
304.978639 947.518212
306.747908 947.473868
308.975766 947.307120
312.357444 947.229889
313.210181 947.167795
313.708748 947.144326
313.947249 947.085560
315.451562 947.058554
317.719256 946.998048
317.805002 946.994488
317.872209 946.991768
317.925208 946.991209
317.995819 946.988845
319.202569 946.987540
319.591305 946.987411
320.064498 946.983994
320.079659 946.983931
320.079946 946.983487
320.338841 946.980894
365.947337 926.155983
439.179889 918.406617
458.793744 918.348616
462.247100 918.348068
462.426457 918.345120
462.447983 918.280839
462.576217 918.279034
464.344265 915.136294
464.578360 914.987668
465.359179 914.647305
465.359440 914.488732
465.359467 914.398971
465.359630 914.365901
465.360087 914.363640
465.360097 914.363184
465.360098 914.363076
465.360102 914.362894
465.360148 914.362229
465.360306 914.222411
465.361358 914.222340
465.362552 914.222330
465.363628 914.222235
465.363666 914.222205
465.363682 914.222055
465.363703 914.221256
465.363782 914.217582
465.363879 914.216557
465.364111 914.215816
465.364580 914.206247
465.364586 914.173264
465.364596 914.147233
465.364597 914.129628
465.365430 914.072498
465.366706 913.868381
465.366712 913.865005
465.366863 913.855421
465.366953 913.855180
465.367208 913.852182
465.367222 913.850392
465.367232 913.849530
465.367237 913.848539
465.367238 913.841138
465.367258 913.831472
465.367638 913.823038
465.367817 913.820624
465.368151 913.814222
465.368157 913.799077
465.368283 913.793229
465.368553 913.790231
465.369137 913.734190
465.476014 911.078691
465.547749 906.190519
465.548419 906.187855
465.549981 906.187755
465.550027 906.187175
465.550075 906.180983
465.550467 906.145252
465.558227 906.072788
465.565270 906.072304
465.565274 906.045580
465.565283 906.041512
465.565548 906.012636
465.574958 906.005509
465.591589 905.997490
465.593680 905.992667
465.600742 905.990883
465.601019 905.805845
465.603726 905.564220
465.607591 905.430693
465.607957 905.394737
465.633119 904.841642
465.741526 904.379640
465.741668 904.252680
465.761902 903.985006
465.768523 903.871414
465.778849 903.624709
465.799387 903.389307
465.799404 903.389303
465.799425 903.389277
465.799462 903.389274
465.799502 903.389270
465.799557 903.388334
465.799580 903.387915
465.800620 903.358380
465.800632 903.273143
465.801277 903.194876
465.801342 902.847431
465.801917 902.789288
465.806403 902.585997
465.809899 902.188512
465.811703 901.517405
465.811759 901.248072
465.820021 901.123877
465.820258 901.002358
465.828828 900.945936
465.833184 900.595736
465.838537 900.158112
465.847853 899.857109
465.847889 899.855067
465.848543 899.852682
465.848662 899.850988
465.848934 899.828175
465.849050 899.718828
465.852532 899.718387
465.855853 899.717869
465.859770 899.715900
465.892392 899.714972
465.921898 899.714307
465.964312 899.714177
465.989238 899.712452
466.114702 899.711759
466.136938 899.711443
466.141645 899.711394
466.148904 899.711392
466.150245 899.711392
466.152658 899.711392
466.153043 899.711391
466.168822 899.711222
466.219282 899.711101
466.224073 899.706467
466.227587 899.705912
466.230874 899.702587
466.234123 899.702583
466.235322 899.702579
466.236097 899.702577
466.236742 899.702577
466.236746 899.702568
466.236746 899.702534
466.236752 899.702340
466.236870 899.648072
466.237110 899.462074
466.237905 898.687247
466.237906 898.682642
466.237907 898.679432
466.237947 898.647510
466.237970 898.557896
466.238628 898.504053
466.238673 898.486391
466.238675 898.485036
466.238920 898.307107
466.239068 898.102290
466.239399 898.086643
466.239517 898.084716
466.255538 897.465928
466.255635 896.798156
466.255760 896.669674
466.255815 895.299109
466.256687 895.225546
466.256720 895.197138
466.256731 895.147326
466.257162 894.928503
466.257341 894.313293
466.257489 894.161550
466.257494 894.133862
466.257497 894.124238
466.257509 894.123551
466.257515 894.114234
466.257520 894.095915
466.257543 894.095209
466.257598 894.073909
466.257599 894.060671
466.257608 894.060207
466.257612 894.025132
466.257615 893.963501
466.259505 893.925452
466.259793 893.807696
466.261192 893.804319
466.261849 893.803320
466.261886 893.803198
466.262483 893.802657
466.262629 893.802107
466.262631 893.802060
466.262639 893.801842
466.262645 893.800998
466.262649 893.800996
466.262650 893.800936
466.262651 893.800848
466.262651 893.800779
466.262651 893.800771
466.262651 893.800751
466.262651 893.800720
466.262670 893.793272
466.262670 893.793023
466.262671 893.785362
466.262880 893.784156
466.262902 893.782542
466.262935 893.779403
466.265607 893.772186
467.510868 887.406684
467.569673 887.191304
467.597392 886.963780
468.599582 885.640156
468.747568 878.837753
487.570862 717.724892
488.204414 716.358238
488.948568 715.598396
558.074956 715.217836
560.891962 669.491378
561.541880 642.899630
644.327490 556.189490
648.449758 429.288429
648.889482 407.332253
857.772186 278.759155
858.384599 278.605515
859.463336 278.170060
860.187329 277.233240
866.225494 276.885476
866.311067 275.350472
869.147927 269.405671
869.381831 267.205615
870.800156 265.843600
873.360467 265.153383
881.273716 264.455511
884.798382 262.283965
889.180492 255.478720
894.174324 253.278693
903.135461 247.026728
916.371436 229.871623
916.384370 229.869147
916.384463 229.868915
916.384790 229.868188
916.384935 229.868088
916.385590 229.867345
916.385600 229.867037
916.385639 229.867025
916.388377 229.864229
916.388428 229.864224
916.388433 229.864222
916.388451 229.864221
916.388456 229.864169
916.388485 229.864104
916.388486 229.863953
916.388875 229.836891
916.388904 229.820542
916.417450 229.752679
916.431767 229.731859
916.589524 229.680536
916.732282 229.633316
916.914618 229.632655
917.445730 229.630131
918.286165 229.623036
918.915443 229.622900
919.433216 229.614629
919.992063 229.596242
920.996282 229.416171
921.476968 229.415486
921.998031 229.408399
922.034756 229.381799
922.046591 229.371932
922.095294 229.371601
922.136169 229.371177
922.160131 229.232713
922.194064 229.216222
922.204706 229.209883
922.206288 229.198628
922.540660 229.138051
922.549142 228.928081
922.564653 228.700551
922.567454 228.653539
922.567546 228.652925
922.567658 228.650718
922.567823 228.647091
922.568606 228.626267
922.570228 228.619632
922.571576 228.618484
922.572423 228.616078
922.606378 228.602028
922.607002 228.600938
922.612427 228.597191
922.612450 228.515437
922.617874 228.266705
922.637229 227.523831
922.682135 223.614989
922.792502 221.578528
922.823348 221.578357
922.826756 221.573459
922.827717 221.572884
922.829664 221.564710
922.853808 221.547835
922.861317 221.543517
922.861441 221.540904
922.918187 221.494830
922.941479 221.485704
926.014079 221.247705
928.006644 221.017273
928.007311 221.017256
928.009463 221.017253
928.010473 221.016730
928.010719 221.016708
928.010862 221.015969
928.010887 221.014268
928.049129 221.013391
928.077569 221.013196
928.207333 221.001323
928.210287 220.985405
928.212403 220.982600
928.212955 220.941076
928.214718 220.925755
928.217776 220.882896
928.233170 220.789622
928.249999 220.789444
928.317565 220.786943
928.401261 220.783009
928.402065 220.780963
928.402185 220.779776
928.402249 220.778502
928.403995 220.777247
928.411592 220.777116
928.411750 220.777111
928.411769 220.772294
928.438154 220.771839
928.511518 220.770581
929.352208 220.766414
929.357743 220.760173
929.360461 220.734125
929.360809 220.734086
929.360831 220.732418
929.360846 220.720818
929.360911 220.693342
929.361239 220.678012
929.361355 220.667928
929.372583 220.616152
929.378207 220.342467
929.408204 220.342218
929.442423 220.316374
929.757305 220.308712
930.013407 220.307802
930.013537 220.307802
930.013638 220.307802
930.013709 220.307801
930.013740 220.307801
930.013789 220.307801
930.014017 220.307772
930.018492 220.306927
930.024041 220.304122
930.025048 220.304089
930.026226 220.303980
930.026452 220.303624
930.026659 220.303595
930.026835 220.303529
930.027375 220.303421
930.031402 220.303225
930.033420 220.303074
930.033911 220.302236
930.034883 220.301707
930.035302 220.301633
930.036379 220.301437
930.037876 220.301382
930.038187 220.301371
930.038377 220.301341
930.038740 220.301337
930.038749 220.301326
930.038950 220.301324
930.039176 220.301188
930.048824 220.297065
930.049106 220.296582
930.049346 220.296505
930.050214 220.296353
930.050650 220.294603
930.050652 220.294464
930.050653 220.294416
930.050689 220.294369
930.050728 220.294366
930.051038 220.294157
930.051227 220.293979
930.051270 220.293581
930.051955 220.292928
930.259384 220.213543
930.276110 220.188146
930.409282 220.186283
930.491013 220.182444
930.529026 220.150344
930.809799 220.037643
930.822511 220.033736
930.827463 220.032641
930.836831 220.030162
930.859354 220.029840
930.944809 220.014211
931.009916 219.946041
932.781294 219.942043
933.804774 219.931411
948.505069 218.952586
949.461298 217.570868
949.586846 217.546260
950.784130 217.307209
951.214864 217.305183
951.569690 217.301518
952.996970 217.113400
952.997879 217.108819
953.001167 217.107714
953.002041 217.107633
953.002087 217.107222
953.002226 217.107180
953.002466 217.104855
953.007206 217.103696
953.008315 217.103672
953.010464 217.101076
953.012898 217.098647
953.013310 217.094092
953.017505 217.091423
953.036143 217.090575
953.038763 217.090432
953.038929 217.090378
953.040219 217.089955
953.041488 217.086358
953.098263 217.086175
953.098821 217.081687
953.101861 217.081509
953.143231 217.080959
953.144640 217.080285
953.151284 217.077359
953.154922 217.076996
953.169467 217.037681
953.198779 216.843584
953.203972 216.723713
953.208606 216.615537
953.209551 216.524044
953.210557 216.428714
953.709553 216.420579
953.746374 216.263297
953.752492 216.104161
953.926151 215.935762
954.190906 215.770298
955.925731 213.190196
955.978854 197.319312
960.345907 109.916978
960.419456 109.069339
960.421246 108.428708
960.431365 107.399478
960.702603 104.940559
960.727746 102.915876
961.013769 102.664352
961.606444 96.611506
961.841574 94.751387
961.872004 94.207695
962.856626 94.129901
963.017949 93.751255
963.113903 90.446061
963.361526 90.357454
963.926274 89.890105
965.265709 41.899881
965.474363 41.866463
965.479075 41.859209
965.479980 41.857316
965.480091 41.857143
965.480239 41.850026
965.480508 41.849633
965.480519 41.847020
965.480530 41.839762
965.480531 41.838995
965.480533 41.830483
965.480533 41.811282
965.480592 41.804536
965.489826 41.595629
965.490242 41.527095
965.549721 41.408817
965.551411 41.289068
965.551738 41.287398
965.555466 41.279860
965.556266 41.275930
965.558517 41.271531
965.579034 40.944962
965.626816 40.915316
965.945979 40.850711
966.126168 40.850373
966.325264 40.809321
966.480745 40.767520
966.628452 40.742498
966.628454 40.742404
966.628463 40.742359
966.628463 40.742349
966.628480 40.742338
966.628498 40.742296
966.634166 40.742149
966.640421 40.741526
966.646343 40.741125
966.717865 40.735750
966.842270 40.732838
966.904849 40.722002
967.009804 40.712108
967.014480 40.705127
967.018151 40.697675
967.018756 40.697246
967.019767 40.697073
967.019770 40.692125
967.019895 40.683746
967.019993 40.678918
967.020042 40.676019
967.020043 40.671803
967.050733 40.671785
967.050914 40.671761
967.051663 40.671745
967.058364 40.671331
967.058725 40.670584
967.058757 40.669686
967.058764 40.667790
967.061278 40.666178
967.062594 40.666175
967.063162 40.666171
967.063245 40.666145
967.063568 40.666144
967.063682 40.666098
967.063822 40.666096
967.064007 40.666025
967.064486 40.665990
967.064534 40.665937
967.065178 40.665921
967.069647 40.643064
967.927703 35.552594
967.929105 35.437876
967.929950 35.435402
967.930036 35.431539
967.934781 35.104627
967.935357 33.302445
967.946779 33.179518
967.999079 32.927329
968.008368 30.715931
969.017268 26.422432
973.348179 16.320944
973.731602 16.095690
973.788263 16.059562
973.827541 15.936632
973.923539 15.933533
974.015208 15.873000
974.015656 15.836456
974.093724 15.790304
974.468985 15.785509
974.514031 15.433180
975.001214 15.173061
975.001847 15.172326
975.012466 15.171501
975.035603 15.169916
975.154344 15.166506
975.164611 15.162693
975.165360 15.160473
975.165543 15.160439
975.165578 15.160131
975.165635 15.159551
975.165772 15.158965
975.171849 15.154654
975.201644 15.134177
975.262188 15.128320
975.284524 15.126926
975.423491 15.092102
976.083404 15.074451
976.653960 15.073350
976.781370 15.070330
976.942341 14.255579
976.963843 14.179689
976.964880 14.148727
976.984272 14.142243
977.020961 14.137420
977.028937 14.081062
977.029364 14.073584
977.030260 14.067163
977.359201 13.984624
977.471308 13.938678
977.618886 13.917969
977.726027 11.300957
977.956583 7.756493
977.957135 7.756174
977.970869 7.746728
978.230944 7.746528
978.285337 7.744793
978.374328 7.744784
978.422951 7.744759
978.423577 7.744687
978.424952 7.744656
978.434801 7.744518
978.458347 7.744504
978.539547 7.741850
978.540210 7.724217
978.541839 7.722851
980.772536 7.717260
980.879336 7.710194
980.881859 7.695084
980.888945 7.692400
980.893045 7.669778
980.937430 7.648031
980.953823 7.595230
981.055247 7.420495
981.148328 7.417016
981.624057 7.413063
981.860279 7.412024
982.043170 7.407824
982.097279 7.377172
982.288072 7.372842
982.305130 7.370713
982.313738 7.234892
983.735374 7.137938
983.901400 7.136965
984.084929 7.129112
984.094568 7.128069
984.171343 7.127821
984.452179 7.126703
985.932888 7.126263
986.070031 7.121391
986.148372 7.119637
986.211684 7.117229
986.406469 7.116957
986.681961 7.116883
986.775780 7.116813
986.887305 7.116811
987.517732 7.116650
987.523284 7.116249
987.526793 7.116108
987.529717 7.115712
987.545674 6.973091
987.546820 6.956747
987.549541 6.913854
987.550195 6.903843
987.550867 6.902221
987.551025 6.888793
987.551128 6.888675
987.551147 6.887809
987.551298 6.886490
987.552131 5.494829
987.552134 5.462501
987.552136 5.447347
987.552139 5.420473
987.552144 5.190748
987.552156 4.980594
987.552160 4.964168
987.552161 4.963610
987.552171 4.951146
987.552173 4.901178
987.592225 4.876124
987.597924 4.801591
987.603046 4.780922
987.606686 4.780602
987.611433 4.757367
987.613212 4.754323
987.623776 4.744273
987.640956 4.743211
987.641022 4.730244
987.641622 4.700887
987.641934 4.699639
987.643861 4.699236
987.645060 4.687668
987.645472 4.622166
987.645651 4.611858
987.646697 4.403061
987.649337 4.305021
987.649423 3.525658
987.649526 3.479226
987.649591 3.394368
987.649914 3.393946
987.650120 3.321683
987.650665 3.316962
987.650939 3.299133
987.651621 3.274917
987.652244 3.203919
987.652405 3.194155
987.652452 3.189897
987.652458 3.189665
987.652518 3.182445
987.653021 3.128231
987.653330 3.107753
987.653390 3.105852
987.653644 3.084244
987.710925 2.738659
987.791128 2.561296
989.965053 2.307379
990.193833 2.087234
990.282253 1.010982
990.436201 0.911665
990.733247 0.811206
991.377168 0.808835
991.412284 0.808034
991.420359 0.804746
991.459593 0.803314
991.513824 0.797526
991.514057 0.722143
991.515770 0.712140
991.651766 0.529702
991.656928 0.529309
991.677182 0.520532
991.695180 0.471586
991.703438 0.461243
991.758896 0.450188
993.484432 0.289192
993.487237 0.216083
993.539371 0.159647
993.687492 0.150764
993.687493 0.150191
993.687502 0.150178
993.688003 0.145063
993.688016 0.139855
993.688071 0.139855
993.688084 0.139854
993.688088 0.139848
993.688375 0.139707
993.688587 0.131486
993.689768 0.128791
993.689843 0.128585
993.691904 0.127078
993.692453 0.127045
993.693338 0.118783
993.693909 0.117658
993.694610 0.116902
993.695249 0.116780
993.697782 0.115769
993.698278 0.059998
994.569102 0.059844
994.919458 0.059429
995.209264 0.059403
995.218644 0.059402
995.231432 0.059402
995.233209 0.059401
995.241885 0.059401
995.278542 0.059401
995.278694 0.059401
995.294475 0.059397
995.321237 0.059397
995.327276 0.059393
995.327847 0.059392
995.329614 0.059392
995.370643 0.059391
995.464991 0.059391
995.472418 0.059388
995.606202 0.059387
995.664241 0.059385
995.896479 0.059051
996.063680 0.058148
996.193126 0.053856
996.491106 0.053632
996.630619 0.053601
997.499589 0.048638
997.516826 0.048359
997.577825 0.047773
997.602138 0.047396
997.738938 0.046829
997.742480 0.046763
997.743400 0.046717
997.743497 0.044718
997.749317 0.040892
997.752776 0.040739
997.804614 0.040739
997.906286 0.040737
998.006574 0.040737
998.007790 0.040736
998.015572 0.040736
998.297266 0.040623
998.735815 0.040587
998.897428 0.019793
998.931507 0.012736
998.973889 0.007200
999.470543 0.001796
999.747321 0.000857
999.761640 0.000810
999.762769 0.000793
999.779742 0.000536
999.809152 0.000105
