800.000000 2.000000
20.180746 983.425731
28.776365 971.084597
52.270474 878.934987
52.396605 873.802093
52.681146 868.920700
52.803565 843.094881
52.992959 842.158280
53.187556 840.425166
53.215646 837.198277
53.238008 837.090074
53.375282 814.066842
53.420573 799.711184
54.151090 798.456242
54.283025 798.174423
54.310067 798.131753
54.315453 798.069759
54.356211 797.588036
54.407051 797.553977
54.411187 797.544823
54.431103 797.514554
54.724358 797.458050
54.742911 797.071845
54.818583 796.775523
55.208855 796.695679
55.209633 793.947200
55.340967 793.733114
55.489784 791.689604
55.774271 791.580949
57.110603 720.925643
57.116990 720.335107
57.117444 720.290491
57.122305 720.278481
57.124321 720.254071
57.124843 720.251154
57.124914 720.157240
57.124994 719.462161
57.125305 718.071522
57.125425 718.026512
57.125586 718.022924
57.129203 716.395092
57.130136 714.821689
57.145054 711.663661
57.476973 710.269633
57.920824 681.763597
57.942565 674.995147
59.489489 671.742542
59.687110 669.285227
59.703645 638.469567
59.712034 606.808478
59.727411 564.727200
59.729504 535.238180
59.733458 534.079960
59.734939 513.537495
59.736115 512.751411
59.736366 512.363605
59.736954 512.339504
59.737503 512.000737
59.744577 482.557016
59.761651 476.845627
59.762024 473.070797
59.781545 427.845316
59.839165 401.592268
59.850031 352.468213
59.872602 298.587572
59.891787 298.160067
59.899152 297.252500
59.929055 297.209204
59.977439 296.749257
59.982449 295.987895
59.982551 295.824356
60.017125 295.686308
60.019549 295.680872
60.024868 295.104063
60.029494 295.062457
60.029943 295.003393
60.030125 294.995790
60.030901 294.995152
60.034424 294.842850
60.103653 294.815196
60.179817 294.680897
60.184472 294.679512
60.190403 294.676124
60.195116 294.672903
60.204796 294.669368
60.206954 294.669349
60.206958 294.669343
60.207113 294.669313
60.226271 294.658416
60.246116 294.617553
60.387560 294.544267
60.445527 294.214383
60.455503 293.410986
60.456082 293.410977
60.456703 293.410948
60.456736 293.410943
60.456878 293.410943
60.456908 293.410909
60.456935 293.410898
60.456967 293.410884
60.457404 293.410775
60.457424 293.410749
60.457444 293.410653
60.457785 293.410595
60.457948 293.410567
60.458877 293.409082
60.459020 293.406379
60.459828 293.403909
60.459989 293.403265
60.464039 293.361741
60.471683 293.313428
60.473510 293.270143
60.479017 293.264866
60.479615 293.236917
60.480541 293.235795
60.482641 293.235384
60.482790 293.234233
60.500695 292.941438
60.500743 292.336169
60.500839 292.323968
60.517483 292.311728
60.524772 292.181886
60.525749 292.165800
60.527276 292.160700
60.527355 292.159716
60.527403 292.157986
60.527461 292.156624
60.527594 292.156563
60.527702 292.156419
60.527761 292.154209
60.527788 292.153792
60.527788 292.152077
60.527788 292.152068
60.527950 292.151388
60.528374 292.143649
60.528991 292.138394
60.530202 292.125945
60.585837 280.620318
60.811923 280.207444
60.817080 279.881361
60.820136 279.469571
60.821267 279.322693
60.828035 279.284031
60.868869 279.033581
60.873841 234.251264
60.890031 230.886821
60.894554 230.751109
60.925208 225.685690
61.573059 225.318572
61.590907 225.101225
61.627377 224.467629
62.055538 224.174462
62.056814 224.136129
62.063385 224.094322
62.064622 223.914177
62.079236 222.567713
62.546196 221.675175
62.670862 221.670543
63.089941 221.661127
63.238725 221.649873
63.316518 221.645217
63.343044 221.644623
63.438180 221.644380
64.108868 221.641873
64.140942 221.636632
64.293284 221.629558
64.532142 221.628804
65.891129 221.624801
65.971394 221.624708
65.998639 221.624408
66.020337 221.583499
66.028065 221.569346
66.152136 221.565837
66.202896 221.535777
66.225234 221.532746
66.225997 221.510537
66.226065 221.508715
66.226123 221.491692
66.226542 221.487887
66.229542 221.447740
66.231754 221.340186
66.258240 221.256068
66.293478 221.251936
66.435481 221.241765
66.492865 221.234899
66.510426 221.207675
66.510440 221.207327
66.510541 221.203621
66.510762 221.195995
66.705517 221.154665
66.814789 220.991827
66.854423 220.918402
66.889014 220.891023
66.896561 220.870931
66.914678 220.870167
66.915486 220.750636
66.916104 220.692429
66.916297 220.659219
66.916447 220.641744
66.919572 220.286063
66.919787 220.234540
66.920773 220.202130
66.920860 220.195912
66.921004 220.180017
66.921214 220.178606
66.921220 220.178198
66.927798 220.067370
66.928810 220.029380
66.933085 219.891951
66.933097 219.855825
66.933354 219.850974
66.933828 219.830199
66.934234 219.761283
66.935542 219.674288
66.944173 219.297043
66.966765 219.000149
67.005026 218.563650
67.005248 218.498676
67.005632 218.431871
67.006454 218.426111
67.024569 218.261366
67.425175 218.261273
67.479990 218.260999
67.595678 218.260975
68.026137 218.260912
68.090627 218.255499
68.102274 218.254342
68.102572 218.251842
68.110051 218.221931
68.112703 218.217138
68.117268 218.209257
68.152622 218.099478
68.153678 218.044978
68.179378 217.864477
68.189392 217.598401
68.230382 217.596164
68.230978 217.545349
68.236674 217.517684
68.237526 217.507599
68.244218 217.507421
68.244301 217.499355
68.244331 217.481116
68.244607 217.153776
68.246126 217.134700
68.252948 217.130978
68.253096 217.130613
68.253136 217.130342
68.255845 217.129656
68.256896 217.129163
68.257028 217.129039
68.259170 217.126579
68.259741 217.080111
68.259979 217.028449
68.262163 217.017067
68.304587 210.977267
68.350858 210.500251
68.371172 210.427788
68.372935 210.121031
68.568934 209.959788
68.568975 209.959338
68.568988 209.959261
68.569006 209.959100
68.569010 209.958959
68.569030 209.958814
68.569034 209.958533
68.569035 209.958456
68.569036 209.958275
68.569102 209.944286
68.569153 209.939900
68.569541 209.929559
68.569772 209.928285
68.570179 209.895346
68.572488 209.894939
68.577199 209.887098
68.577495 209.885223
68.577582 209.884984
68.577643 209.882526
68.598033 209.879356
68.613010 209.849186
68.618174 209.838714
68.618207 209.838712
68.618418 209.838699
68.619511 209.838697
68.620986 209.838681
68.622967 209.838649
68.657926 209.830514
68.721641 209.777224
68.722814 209.772133
68.724925 209.756661
68.725099 209.741376
68.727731 209.739096
68.727865 209.729393
68.765917 209.713544
68.903520 209.450892
68.915357 209.420873
68.964944 209.420839
68.969422 209.394159
68.981924 209.274802
68.982165 209.274494
68.983062 209.267509
68.983178 209.193273
69.358650 209.120849
69.658843 208.886791
69.778358 207.047733
69.784023 207.038681
69.803438 206.975170
69.815877 206.970029
69.823057 206.966321
69.823364 206.965824
69.953370 206.964375
69.985796 206.957201
70.002244 206.954414
70.081408 206.951523
70.082875 206.951503
70.084074 206.951463
70.307879 206.944443
71.220239 206.942800
71.425524 206.941596
71.474798 206.938379
76.618265 206.856597
76.781299 206.720312
76.824853 206.682905
76.928987 206.524071
76.952341 205.460411
77.142714 205.445038
77.313518 205.219488
77.313614 205.218680
77.430410 204.630285
123.569993 200.269394
126.449912 179.164791
129.976719 176.853080
134.540049 176.222458
135.215398 175.851233
144.239989 173.508532
156.690375 166.770695
160.457784 166.075178
169.469845 162.417770
172.676715 160.819419
172.764063 154.699335
172.775935 154.632145
175.232115 147.706313
175.982851 146.520389
178.796979 144.407302
178.827666 114.308526
178.828492 113.015707
178.828559 110.814907
178.828631 110.750733
178.828663 110.181964
178.831274 110.149551
178.832809 109.302032
178.834022 99.527570
179.208033 99.045293
179.490474 98.862974
179.490480 96.090275
179.490481 95.397817
179.490493 94.989964
179.609964 94.941248
179.627981 94.485517
179.667283 94.131861
179.667752 93.974952
179.672504 93.645272
179.677737 93.344998
180.928779 44.986711
212.617739 44.702480
214.566327 44.694980
214.694974 44.694980
215.053371 44.694980
215.186492 44.694980
216.695305 44.694979
217.122349 44.694892
220.829622 44.694559
229.891849 44.692775
231.075349 44.692760
231.923953 44.692341
232.300604 44.692192
248.298675 44.685778
253.620904 44.685721
306.202239 44.673064
311.649930 44.668105
311.747513 44.666273
313.084308 44.660087
317.726157 44.657885
317.998527 44.657883
318.293212 44.657881
318.639833 44.657861
318.671439 44.657741
318.703904 44.657741
319.965719 44.657726
320.565330 44.657458
342.329120 44.657369
343.525377 44.657040
345.993556 44.656067
349.173944 44.654137
349.267536 44.653582
351.567347 44.645739
352.296537 44.643907
352.312927 44.636153
408.261465 44.605461
483.181686 44.473809
525.134430 44.373227
525.415509 44.373076
530.428703 44.372572
532.220473 44.372562
534.960007 44.372556
535.101259 44.372553
535.173433 44.372552
535.187669 44.372551
535.192842 44.372542
535.262508 44.372542
538.017452 44.372539
538.101465 44.372535
538.304710 44.372520
538.362898 44.372489
540.562716 44.372461
542.396826 44.372374
542.396862 44.372374
542.397093 44.372374
542.666161 44.372372
542.667361 44.372372
542.913849 44.372372
543.356356 44.372371
543.656978 44.372221
544.843376 44.372201
561.099853 44.372196
581.093532 44.372195
581.425583 44.372194
581.693177 44.372169
582.123571 44.372103
582.466008 44.372068
582.809649 44.372063
582.887689 44.372063
582.918231 44.372063
583.049624 44.372063
583.440601 44.372052
583.709402 44.371954
586.667849 44.371948
587.089374 44.371934
594.094899 44.371842
594.782194 44.371477
595.201644 44.371408
596.729579 44.371344
597.174149 44.371250
598.029559 44.371085
599.224900 44.371068
599.371713 44.371065
599.382011 44.371063
599.395333 44.371062
599.398129 44.371062
599.398893 44.371062
601.315841 44.371061
602.047886 44.371058
602.058340 44.371057
602.074037 44.371057
602.102596 44.371052
602.109580 44.371049
602.114862 44.371023
602.115459 44.371023
602.115619 44.371023
602.116254 44.371022
602.116364 44.371017
602.117131 44.371017
602.117208 44.371017
602.117386 44.371017
602.120674 44.371010
602.195483 44.370999
602.198102 44.370998
602.199414 44.370997
602.210385 44.370991
602.255700 44.370940
602.287326 44.370938
602.298355 44.370937
602.356686 44.370935
602.369905 44.370897
602.485820 44.370882
602.644080 44.370880
602.644111 44.370880
602.644122 44.370880
602.644129 44.370880
602.644141 44.370880
602.644144 44.370880
602.651218 44.370880
602.651738 44.370880
602.655115 44.370880
602.658616 44.370879
602.773276 44.370878
602.783785 44.370877
602.803512 44.370877
602.807954 44.370819
602.808267 44.370767
602.809571 44.370735
602.810850 44.370725
602.810998 44.370723
602.811022 44.370723
602.812691 44.370713
602.813279 44.370711
602.813324 44.370706
602.813365 44.370705
602.835494 44.370695
602.864825 44.370661
602.877305 44.370608
603.927875 44.370477
606.054959 44.370473
606.193051 44.370472
606.195562 44.370471
606.571072 44.370471
606.583628 44.370471
606.721942 44.370471
606.956178 44.370470
608.987564 44.370451
615.401957 44.370451
617.146967 44.370448
617.434725 44.370406
617.482393 44.370399
617.709629 44.370390
617.778953 44.370390
618.042050 44.370319
618.395302 44.370252
618.542574 44.370202
619.174224 44.370175
620.546276 44.370023
620.604904 44.370021
623.002423 44.370021
629.523694 44.369966
630.059329 44.369920
631.250165 44.369914
631.460575 44.369614
632.102975 44.369580
632.423171 44.369553
632.453351 44.369460
649.050175 44.369455
671.429960 44.369437
671.792513 44.369409
679.898338 44.369403
692.968176 44.369398
693.103753 44.369398
694.064395 44.369397
694.405962 44.369397
694.863426 44.369396
696.129381 44.369395
697.907848 44.369257
702.074961 44.369236
721.734540 44.369235
726.407422 44.369234
726.849745 44.344614
727.621065 44.330847
727.829816 44.306377
727.838388 44.298284
738.616478 44.167057
738.630702 44.163273
740.349942 44.162197
744.591918 44.160260
772.618912 44.158185
775.296635 44.154071
779.460011 44.148504
781.176928 44.146316
781.402095 44.144868
781.407324 44.144565
781.407483 44.144563
781.408823 44.144562
781.445786 44.144558
781.447836 44.144509
781.448677 44.144493
781.449273 44.144475
781.455446 44.144459
781.456441 44.144424
781.756286 44.143926
781.771503 44.143827
781.775514 44.143814
781.775516 44.143814
781.775517 44.143814
781.775517 44.143811
781.775517 44.143810
781.775617 44.143807
781.775672 44.143804
781.775701 44.143803
781.775740 44.143802
781.775851 44.143790
781.775897 44.143790
781.776307 44.143790
781.776456 44.143790
781.776764 44.143790
781.777073 44.143790
781.777733 44.143790
781.777825 44.143790
781.777960 44.143790
781.778993 44.143789
781.781122 44.143788
781.786553 44.143754
782.221244 44.143732
782.307120 44.143532
782.316401 44.136108
782.318058 44.123223
782.324455 44.122610
782.733862 44.121993
782.739128 44.121954
782.763256 44.121727
782.999146 44.114622
783.014850 44.091212
783.040599 44.083600
787.802857 44.075607
787.838006 44.073287
787.839609 44.072925
787.850881 44.072898
788.010096 44.064643
788.088075 44.063305
788.103835 44.059798
788.170492 44.059706
788.171620 44.059505
788.171773 44.056903
788.172926 44.056713
788.245673 44.053515
788.271540 44.052260
788.274748 44.052028
788.282649 44.051177
788.417934 44.051124
788.468235 44.050211
788.592397 44.049174
788.592515 44.049161
788.593597 44.049154
788.611133 44.049141
788.611403 44.049083
788.612767 44.049079
788.612996 44.048997
788.613025 44.048989
788.613068 44.048958
788.628276 44.048957
788.628324 44.048956
788.628465 44.048956
788.630419 44.048931
788.634305 44.048925
788.689076 44.048887
788.706955 44.042227
788.849512 44.028367
788.857862 44.015143
792.999036 44.005195
795.043522 44.004679
797.277080 43.971903
797.479932 43.971369
797.485247 43.970602
797.621803 43.970190
798.338225 43.968788
809.091775 43.960217
809.110917 43.954292
809.143569 43.952629
810.973390 43.950351
811.201992 43.948812
811.350011 43.948758
811.370046 43.948736
811.777428 43.948725
811.787665 43.948676
811.793651 43.948579
812.210212 43.948558
812.292077 43.943865
812.358461 43.942229
812.419329 43.938637
812.478513 43.923838
812.479122 43.795713
812.479659 43.729052
812.480236 43.728497
812.480931 43.713144
812.482106 43.621604
812.482112 43.608931
812.482167 43.548900
812.482473 43.546321
812.495142 42.946273
813.285186 42.786109
814.973392 42.785599
815.289726 42.766889
815.857736 42.761703
831.905231 42.124506
842.910664 41.960090
847.557704 41.704371
848.289189 39.955658
848.696175 39.567107
849.597082 39.458294
850.407363 39.391810
850.414621 39.391810
850.417557 39.391808
850.508112 39.391798
850.532463 39.391795
850.547453 39.391794
850.549257 39.391794
850.554599 39.391791
850.705810 39.391788
850.840780 39.391781
850.936590 39.391780
850.950291 39.391780
850.958439 39.391777
851.034128 39.391772
851.237881 39.391671
851.292484 39.391652
851.734891 39.390946
853.207110 39.390158
853.414983 39.388645
860.272471 39.388344
860.395983 39.388342
860.402994 39.388342
860.506808 39.388342
860.622045 39.388342
860.787953 39.388341
860.806285 39.388341
860.808174 39.388340
860.820467 39.388340
860.851757 39.388339
860.882686 39.388339
860.959010 39.387786
862.017934 39.387757
862.805761 39.387743
863.167018 39.387684
863.170924 39.387678
863.266720 39.387670
863.399468 39.387669
863.416754 39.387665
863.417738 39.387664
863.417787 39.387650
863.417848 39.387606
863.417894 39.387605
863.417914 39.387603
863.470331 39.387528
863.583375 39.387315
863.593593 39.387248
863.600437 39.387237
863.640681 39.387235
863.663778 39.387230
863.675758 39.387230
863.682421 39.387229
863.686617 39.387225
863.690451 39.387225
863.714056 39.387225
863.719902 39.387224
863.734472 39.387188
863.822194 39.387156
863.826105 39.387125
863.832170 39.386998
863.833255 39.385391
863.835938 39.385390
863.837156 39.385371
863.844308 39.385370
863.845020 39.385369
863.879343 39.385361
864.017029 39.385159
864.069229 39.385007
864.110026 39.385004
864.110099 39.384999
864.110341 39.384997
864.110547 39.384982
864.110563 39.384980
864.110601 39.384973
864.110694 39.384966
864.152818 39.384931
864.158801 39.384895
864.160662 39.384887
864.160668 39.384867
864.160684 39.384867
864.160690 39.384865
864.160763 39.384863
864.160765 39.384863
864.160767 39.384863
864.160787 39.384862
864.161846 39.384820
864.164093 39.384776
864.164435 39.384774
864.164961 39.384773
864.165280 39.384691
864.165977 39.384686
864.173006 39.384676
864.254946 39.384613
864.262359 39.384403
864.268146 39.384363
864.283590 39.384361
864.283604 39.384361
864.283650 39.384361
864.283699 39.384361
864.283924 39.384361
864.317785 39.384353
864.319659 39.384219
864.321382 39.384189
864.321403 39.383814
864.322827 39.383154
864.336517 39.383151
864.352174 39.383118
864.376908 39.383064
864.430186 39.382843
864.521967 39.382227
864.522141 39.382205
864.522520 39.382127
864.534082 39.381945
864.546372 39.381901
864.547042 39.381782
864.995897 39.380892
865.087635 39.380667
865.092875 39.380662
865.100172 39.380654
865.155622 39.380647
865.209120 39.380575
869.968472 37.014459
876.265270 31.310127
883.959563 22.896040
914.411792 4.018684
922.641442 0.797727
953.701736 0.745051
