800.000000 2.000000
0.026106 999.995132
0.043727 999.993361
0.064837 999.992975
0.069866 999.992637
0.113204 999.991619
0.113409 999.988570
0.113570 999.982657
0.114039 999.979128
0.114106 999.978180
0.114107 999.978169
0.114108 999.977971
0.114117 999.966235
0.114127 999.930850
0.114463 999.923209
0.114582 999.914084
0.114797 999.909975
0.114840 999.907693
0.186865 999.773424
0.251918 999.708911
0.256800 999.644634
0.263516 999.567094
0.266739 999.567036
0.266914 999.566923
0.267576 999.566847
0.267598 999.566831
0.267723 999.566767
0.267904 999.566752
0.267945 999.566745
0.267977 999.566731
0.267990 999.566729
0.268047 999.566719
0.268244 999.566718
0.268338 999.566717
0.268630 999.566451
0.268649 999.566033
0.269446 999.564533
0.269467 999.564424
0.269733 999.564330
0.277997 999.564288
0.287663 999.564285
0.289745 999.564279
0.289823 999.564245
0.289882 999.563678
0.289907 999.563545
0.289945 999.563538
0.290440 999.562629
0.290839 999.562473
0.291751 999.562468
0.292726 999.562460
0.292837 999.562306
0.292885 999.562139
0.292967 999.561719
0.313545 999.561241
0.322588 999.561239
0.327305 999.561239
0.329226 999.561237
0.432391 999.561235
0.469052 999.561234
0.470170 999.561223
0.470213 999.561223
0.470225 999.561214
0.471287 999.561211
0.481495 999.560956
0.498573 999.560884
0.515211 999.560881
0.519564 999.560880
0.523471 999.560254
0.616462 999.560097
0.763388 999.560048
0.806158 999.560047
0.824003 999.560046
0.904830 999.560039
0.912446 999.560037
0.916781 999.560036
0.924469 999.560036
1.016018 999.560036
1.016151 999.560036
1.016495 999.560035
1.029159 999.560035
1.032075 999.560034
1.033634 999.560033
1.035414 999.559905
1.072734 999.559850
1.127618 999.559612
1.145378 999.559502
1.181068 999.558210
1.202310 999.556815
1.232454 999.556712
1.252574 999.554512
1.308215 999.553168
1.333367 999.548771
1.834498 999.547358
1.894731 999.546502
3.217157 999.543615
5.254793 999.543335
5.259206 999.543312
5.260034 999.543293
5.260529 999.543234
5.260835 999.540357
5.260909 999.538892
5.265794 999.538856
5.268232 999.538845
5.268810 999.538823
5.269180 999.538822
5.269448 999.538814
5.269457 999.538806
5.269463 999.538806
5.312660 999.537878
5.364938 999.530936
5.461188 999.524947
5.587298 999.524373
5.680693 999.522926
5.832810 999.505348
11.159339 997.739976
13.178813 997.421204
14.982392 997.410626
15.007836 997.371382
16.531083 997.371349
17.080937 997.371325
18.359888 997.370962
18.613992 997.367927
18.620801 997.367899
18.655700 997.367898
18.738616 997.367833
18.744285 997.367832
18.747196 997.367829
18.770483 997.367825
19.044754 997.367750
19.111918 997.367675
19.131742 997.367674
19.280623 997.360812
19.291165 997.330668
19.295946 997.322275
19.983515 997.277472
20.069621 997.274008
20.093212 997.270367
20.203135 996.703821
22.379226 995.872213
23.140516 995.865870
23.225403 995.765367
23.280720 995.577958
23.415886 995.546289
23.731662 995.432192
24.048281 995.216383
24.482634 994.708471
48.165029 993.837288
53.072494 991.315785
54.969553 988.258556
55.104972 987.747951
55.257592 987.278050
55.650424 986.269182
55.652797 986.196113
55.674291 986.166104
55.693358 986.137162
55.720683 986.008692
55.969582 982.242624
58.202861 981.613353
59.216142 981.147982
59.540513 981.142779
59.541722 981.058066
59.546677 981.013264
59.601914 981.010550
59.604201 981.008200
59.714923 980.982443
59.852254 975.054675
60.498651 967.152589
60.590173 950.082160
60.681198 949.174641
61.282196 948.918521
61.295413 947.681630
61.304212 945.978769
61.329316 944.882398
61.364929 941.673499
67.234858 941.612728
68.884923 941.591934
69.168243 941.429618
69.175559 941.360257
69.182450 941.012364
69.200924 940.955039
69.375727 940.703096
69.533411 940.549023
70.069451 939.681217
72.590544 939.270497
73.442958 938.394572
76.690202 937.563808
77.186784 936.964535
77.287473 933.745166
77.334729 930.966036
77.335151 930.613558
77.335184 930.279916
77.335192 930.061760
77.335192 929.670835
77.336505 928.253649
77.336712 927.683937
77.404307 924.253232
77.421603 923.685800
77.447363 923.617904
77.449600 923.442482
77.462522 923.373134
77.467101 916.898406
77.495796 905.047370
77.525327 895.027636
77.891297 890.770282
82.138845 888.950893
82.294152 887.805208
82.333209 885.271324
83.482909 885.260407
83.525888 885.259296
83.907844 885.258235
89.028631 885.245875
89.559197 885.232273
100.461758 885.222702
101.214656 885.218969
101.445505 885.208923
101.819720 885.207286
101.868909 885.205643
101.887245 885.205605
101.901064 885.205186
101.923105 885.204375
103.493493 885.181759
104.563122 885.156541
104.743587 885.082734
104.744797 885.025966
104.761618 884.972620
104.765750 884.946297
118.158061 884.745088
124.004905 884.518120
130.731679 884.501893
142.196802 884.368154
143.924275 884.308152
150.319474 884.249902
152.967924 884.148592
164.740064 884.096500
171.945777 884.029947
175.959113 883.481008
190.021899 883.222546
191.391818 881.158173
197.752205 879.562091
211.707789 879.534056
211.921162 879.300463
211.947171 878.272373
211.966577 878.272342
212.003776 878.272106
212.154244 878.268980
212.563276 878.268870
212.610984 878.268816
213.291391 877.423008
213.891956 877.401493
214.640375 877.399918
215.501306 877.132445
215.536676 877.027068
215.589627 876.870003
215.645593 876.866036
215.756365 876.371421
215.830881 875.592758
216.411905 873.843598
217.239190 873.176055
217.773105 872.971041
224.068693 872.381881
229.955854 872.285311
437.703848 774.652309
437.738503 774.644278
440.119411 774.579306
440.160812 774.516323
440.371825 774.225717
440.372406 774.223514
440.380290 774.215357
440.383578 774.203389
440.383590 774.201793
440.383603 774.200662
440.383735 774.182768
443.383114 774.104303
444.255779 773.895097
444.428500 773.858608
445.135587 773.854254
445.157271 773.854225
445.158544 773.854219
445.207882 773.851859
445.209965 773.848153
445.215632 773.845516
445.224692 773.844199
445.229497 773.843997
445.233144 773.843937
445.252417 773.842845
445.306266 773.842009
445.402038 773.841149
445.404184 773.841149
445.404642 773.841148
445.404643 773.841148
445.404643 773.841148
445.404644 773.841148
445.404644 773.841148
445.404644 773.841148
445.404644 773.841148
445.404645 773.841148
445.404646 773.841148
445.404646 773.841148
445.404646 773.841148
445.404647 773.841148
445.404648 773.841148
445.404648 773.841148
445.404654 773.841148
445.415529 773.841147
447.969395 773.841144
448.682280 773.841144
448.700070 773.841142
448.713265 773.841125
448.719791 773.841124
448.742780 773.841115
448.756390 773.841110
448.769528 773.841108
448.803158 773.841089
448.819919 773.841085
448.845849 773.841083
448.864666 773.841075
448.874619 773.841071
448.876451 773.841071
448.884030 773.841071
448.884893 773.841070
448.892236 773.841070
448.892466 773.841069
448.893545 773.841069
448.895193 773.841069
448.895676 773.841069
448.897434 773.841069
448.897642 773.841069
448.898094 773.841069
448.898184 773.841069
448.898333 773.841069
448.898394 773.841069
448.898468 773.841069
448.898907 773.841069
448.898959 773.841069
448.899040 773.841069
448.924017 773.841066
448.931157 773.841066
448.934186 773.841066
448.940336 773.841062
448.947536 773.841061
450.566447 773.840958
450.566673 773.840681
450.566741 773.839297
450.566827 773.837693
450.566854 773.837315
450.566954 773.837111
450.570431 773.836851
450.570689 773.836754
450.570894 773.836202
450.570920 773.836191
450.570984 773.836187
450.570988 773.836128
450.570995 773.836102
450.571159 773.835926
450.571174 773.835885
450.571178 773.835825
450.571282 773.835563
450.571296 773.835494
450.571308 773.835493
450.571309 773.835491
450.571309 773.835491
450.571399 773.835470
450.572291 773.834684
450.575972 773.834018
450.585639 773.829671
450.627537 773.829526
450.642050 773.828531
450.644404 773.828484
450.657535 773.826694
450.660247 773.826518
450.663937 773.825743
450.668799 773.825356
450.841090 773.819726
450.903395 773.814873
450.977605 773.800781
451.966626 773.800270
451.984026 773.800263
452.022298 773.800262
452.023487 773.800136
452.095890 773.800127
452.095921 773.800038
452.116281 773.797893
452.125937 773.796524
453.019509 773.795653
453.076914 773.795609
453.090525 773.795604
453.117839 773.795495
453.198792 773.795400
453.220292 773.794583
453.250416 773.793407
453.358109 773.791860
453.367061 773.791030
453.375337 773.790315
453.476840 773.789835
453.893364 773.789387
456.537916 773.789134
457.038630 773.787433
457.371746 773.787428
457.567681 773.787421
459.685614 773.787398
468.625217 773.787389
468.768044 773.787040
468.778547 773.786988
469.474401 773.786830
470.597165 773.786819
488.164045 773.776139
489.894416 773.775659
494.122710 773.775220
494.123134 773.775219
494.123192 773.775219
494.123203 773.775217
494.123262 773.775216
494.123281 773.775215
494.123300 773.775215
494.123606 773.775215
494.128709 773.775198
494.129790 773.775184
494.132598 773.774497
494.133674 773.774493
494.133693 773.774117
494.133702 773.773413
494.146980 773.772640
494.163604 773.765229
494.173189 773.764193
494.186647 773.763769
494.190156 773.762071
494.206051 773.761227
494.229613 773.760873
494.246025 773.759598
494.252013 773.758059
494.252390 773.757508
494.252953 773.757349
494.253013 773.756695
494.253047 773.755320
494.253143 773.755319
494.253171 773.755319
494.253184 773.755319
494.253193 773.755319
494.253196 773.755314
494.253237 773.755292
494.255623 773.754707
494.257545 773.753834
494.259539 773.753834
494.264495 773.753833
494.347297 773.747010
494.412936 773.746849
494.423256 773.744521
494.446892 773.744303
494.466181 773.744196
494.482714 773.743772
494.517934 773.674648
494.545640 773.671377
494.591415 773.671283
494.592192 773.663716
494.744523 773.660944
494.771101 773.660320
494.783453 773.658453
495.020313 773.656295
495.025863 773.654809
495.026166 773.653206
495.033064 773.649659
495.038591 773.646317
495.038719 773.646315
495.038759 773.646310
495.038806 773.646293
495.039105 773.646249
495.039430 773.646215
495.041511 773.645330
495.042318 773.645313
495.042831 773.645274
495.043673 773.645060
495.044140 773.644962
495.045355 773.643801
495.199213 773.584105
495.301845 773.575100
496.296843 773.572758
496.538037 773.246305
496.626764 772.083306
497.318190 772.019168
498.841963 771.805686
515.969305 771.095758
517.198743 768.581426
527.661333 767.752517
528.812100 767.458692
529.016874 767.293988
529.022330 767.170973
529.024280 767.122367
529.071226 766.805864
529.081016 766.603714
529.081268 766.514373
529.081310 766.512158
529.101238 766.389829
529.102897 766.384240
529.105571 766.383932
529.105688 766.379237
529.105722 766.377170
529.106758 766.375708
529.106888 766.374659
529.113694 766.328119
529.113796 766.327376
529.113821 766.327081
529.113936 766.325986
529.125883 766.322014
529.126033 766.321652
529.126121 766.320943
529.126127 766.320842
529.126127 766.320603
529.126128 766.319456
529.126128 766.319118
529.126669 766.305859
529.127543 766.305489
529.136695 766.268685
529.152753 766.264105
529.165931 766.263530
529.169541 766.262287
529.170435 766.248178
529.181327 766.212789
529.182914 766.177056
529.183583 766.170711
529.183705 766.161075
529.184115 766.072168
529.184115 766.048336
529.184116 765.991687
529.184123 765.966036
529.185375 765.959679
529.185379 765.957959
529.185413 765.957925
529.185414 765.957588
529.185415 765.956741
529.185426 765.952859
529.185467 765.952716
529.185471 765.952256
529.186356 765.941317
529.186365 765.939427
529.186369 765.938609
529.186470 765.911914
529.186675 765.910662
529.186678 765.910643
529.186680 765.910587
529.186694 765.910385
529.186847 765.909792
529.186905 765.848955
529.187060 765.791985
529.187116 765.716121
529.187743 765.426349
529.188168 765.289550
529.188467 765.286569
529.189316 765.286148
529.190027 765.235534
529.191101 765.169595
529.191312 765.145795
529.191414 765.143825
529.191464 765.139873
529.191681 765.123900
529.191693 765.123261
529.191713 765.123260
529.192213 765.123244
529.192656 765.086863
529.193407 765.056123
529.194568 765.049109
529.197920 765.048852
529.197979 765.046163
529.202145 765.045926
529.202336 764.848395
529.202773 764.822578
529.202779 764.777128
529.202792 764.747895
529.202881 764.747692
529.202883 764.747450
529.202902 764.747141
529.203009 764.745048
529.203664 764.743609
529.203666 764.715129
529.203685 764.705935
529.203705 764.698274
529.203711 764.694245
529.203944 764.539817
529.204669 764.489619
529.205113 764.442070
529.205454 764.440895
529.205860 764.409360
529.205972 764.365857
529.206021 764.357269
529.206040 764.356017
529.206043 764.355929
529.206052 764.352828
529.206086 764.352264
529.206135 764.351382
529.206137 764.351106
529.206137 764.350666
529.206139 764.350453
529.206140 764.350343
529.206149 764.348827
529.206153 764.348525
529.206155 764.348344
529.206158 764.347885
529.206164 764.347751
529.206165 764.347602
529.206165 764.347597
529.206165 764.347582
529.206167 764.347281
529.206168 764.345743
529.206171 764.325352
529.206176 764.318829
529.206179 764.309005
529.206183 764.308762
529.206185 764.302785
529.206188 764.294141
529.207293 764.284201
529.208071 764.280637
529.211550 764.280566
529.211637 764.280514
529.211793 764.280355
529.211945 764.280353
529.213135 764.276178
529.217301 763.665108
529.220274 763.652127
529.220635 763.651009
529.222637 763.645909
529.222920 763.641208
529.224423 763.636431
529.224425 763.636403
529.224455 763.636085
529.224460 763.611044
529.224462 763.610730
529.224464 763.608991
529.224464 763.608708
529.224464 763.607911
529.224465 763.605810
529.224469 763.605345
529.224471 763.604976
529.224472 763.604760
529.224510 763.601378
529.224517 763.600373
529.224517 763.600300
529.224518 763.599386
529.240309 760.749783
529.275205 760.222234
529.278641 760.036542
529.279045 759.983545
529.279120 759.965208
529.279433 759.947128
529.281927 759.867584
529.282035 759.860441
529.282092 759.860388
529.282108 759.857102
529.282152 759.836852
529.282163 759.306620
529.282207 759.305281
529.282222 759.296041
529.282224 759.295415
529.282225 759.294895
529.282235 759.293946
529.282235 759.292741
529.282258 759.292713
529.282275 759.292700
529.282282 759.292682
529.282300 759.292624
529.282300 759.292521
529.282301 759.292495
529.282302 759.292494
529.282347 759.292477
529.282394 759.291686
529.282397 759.264924
529.282526 759.257828
529.282749 758.638932
529.282902 758.572385
529.283472 758.549835
529.283786 758.507518
529.285211 758.398760
529.285754 758.295467
529.286227 758.036462
529.286294 757.986198
529.286856 757.832192
529.288979 756.908226
529.289201 756.891971
529.289237 756.891458
529.289241 756.891094
529.289264 756.881562
529.289372 756.880969
529.289827 756.844724
529.289832 756.838741
529.289863 756.829180
529.291441 756.810393
529.293147 756.792042
529.293261 756.792014
529.293400 756.792012
529.293563 756.792001
529.293606 756.791418
529.293925 756.791416
529.294884 756.788387
529.296989 756.688418
529.297071 756.659904
529.297106 756.626555
529.297129 756.610170
529.297268 756.569487
529.297311 756.543454
529.297389 755.929085
529.304233 754.987231
529.351284 754.907771
529.360103 754.721326
529.366497 754.681126
529.366561 754.678463
529.367364 754.675653
529.367844 754.673789
529.367889 754.669532
529.367965 754.669453
529.368951 754.666330
529.369241 754.666037
529.370083 754.664252
529.370182 754.653418
529.371979 754.420812
529.374208 753.890062
529.382166 753.709247
529.385141 753.454964
529.448205 753.418942
529.451012 753.405330
529.451046 753.401711
529.451429 753.387531
529.461652 753.387456
529.462542 753.386772
529.464236 753.383012
529.476052 753.354736
529.480765 753.344107
529.547026 753.339238
529.577531 753.314091
529.615764 753.303486
529.665923 753.215461
529.684005 753.205372
529.684284 753.158178
529.684380 753.157519
529.684428 753.157109
529.684476 753.119159
529.685027 753.036454
529.692122 753.001815
529.695403 753.000455
529.697022 752.999899
529.697436 752.999363
529.697485 752.999240
529.697540 752.998914
529.697885 752.998881
529.699142 752.998486
529.699290 752.998124
529.702037 752.991286
529.708557 752.990965
529.711161 752.990600
529.717982 752.988444
529.718580 752.988405
529.718661 752.982488
529.718675 752.976705
529.718677 752.975335
529.718682 752.974216
529.718685 752.972180
529.718686 752.971816
529.718711 752.971733
529.718760 752.971682
529.718818 752.971152
529.718891 752.969370
529.718904 752.968804
529.718926 752.968748
529.718933 752.968645
529.718935 752.968311
531.501309 749.338063
536.728848 648.319681
542.730280 620.267226
545.833469 620.235087
549.106984 620.198692
549.759717 620.175766
549.956682 620.103627
550.010186 620.091180
550.075759 620.081537
550.772758 619.766479
565.650906 619.670706
566.156229 619.377117
567.651620 619.293050
567.867514 619.076611
568.358985 618.686529
568.738573 618.171832
568.772210 617.920636
571.206364 617.358949
577.696286 617.292083
596.218549 617.210357
663.701576 561.353536
677.872360 527.363916
680.837989 509.038132
680.924203 507.812797
681.028974 499.235354
683.296968 480.598746
683.926730 477.378896
683.943085 462.713854
683.984905 461.164980
684.005717 460.776636
684.156408 457.260381
687.189193 447.991457
687.748006 447.643363
689.047997 447.351453
689.786829 447.177643
696.195710 411.542736
698.728050 395.170203
711.566953 392.711524
716.188871 358.007456
