50.000000 2.000000
6.638718 781.682281
11.405809 651.273548
11.780363 631.613086
12.953350 628.450942
15.157330 623.203699
17.516459 581.040308
18.190077 571.257074
110.778082 554.026147
151.247607 460.428104
553.222996 444.212930
633.168073 427.557752
641.240044 426.122324
647.954127 418.584540
760.114005 416.781745
772.495810 370.167781
892.969055 263.867092
893.767153 263.641634
894.521455 263.628169
896.342649 263.497508
906.978474 259.169957
939.256193 259.121404
956.732284 254.500054
957.164059 254.490735
959.228419 254.489834
959.232101 254.480674
959.232281 254.473786
959.232355 254.467902
959.235541 254.456174
959.442500 252.820074
959.985284 251.154364
970.687933 104.128301
972.978631 92.562327
974.515546 82.806756
975.149572 80.668505
976.149744 78.156744
976.177196 62.691374
976.211630 61.660073
976.371547 32.914098
980.267052 32.390146
980.336643 31.761635
980.347291 29.168113
980.347505 28.853309
980.352099 27.419031
980.353076 13.008912
980.388483 12.847585
981.741210 12.793750
982.124985 8.184385
983.574501 5.242745
984.373561 4.263094
989.920518 3.632787
