50.000000 2.000000
6.470301 734.306794
58.947944 467.951403
73.880309 427.331499
82.373409 386.048444
92.093042 374.275053
92.122423 371.943158
92.948939 370.487470
93.203265 369.442445
94.921374 369.223662
95.010333 365.315363
95.133223 362.027293
96.218420 353.766792
97.320507 345.835742
102.303332 335.093242
115.799496 329.101667
115.926578 325.684142
117.658248 317.843826
118.449747 315.476943
121.816692 314.957393
125.809457 309.960520
126.512455 305.389397
127.227905 305.105672
127.236235 303.314621
127.258146 302.877853
127.857570 302.833082
128.756748 302.719401
131.160578 302.370218
131.175374 301.627151
131.175729 301.598055
131.177786 301.596647
131.185332 301.593049
131.186311 301.587824
131.186353 301.584919
131.186358 301.582935
131.186362 301.580884
131.186364 301.580814
131.190039 301.523903
131.220368 301.435250
131.498742 300.418801
133.756636 297.359843
133.759386 295.735778
133.760443 289.996174
147.657958 257.707595
165.154621 249.911466
340.034473 239.572613
353.613984 207.461867
361.908394 160.350252
501.118562 130.884902
537.089122 109.583422
873.765701 72.421047
