50.000000 2.000000
58.637561 954.171618
101.926809 893.348149
102.540739 893.106622
102.545103 892.984711
102.546684 892.940132
110.593359 892.818483
114.959605 891.895120
151.894023 759.074468
152.253606 759.033453
155.099916 758.521776
156.208081 753.941361
156.330368 752.312956
157.704690 749.569977
162.362438 747.799627
164.714352 743.623058
172.488989 695.331229
186.228130 690.531986
189.425866 687.998537
192.420168 684.430740
196.204141 681.934361
196.391332 679.255797
439.962453 622.368013
495.576553 577.734002
667.427153 569.953489
782.525320 226.915541
782.555172 226.836904
782.616002 224.286819
782.835057 223.777510
783.020953 219.215691
783.073328 218.436932
783.457687 194.737579
783.579262 193.282058
786.906499 168.004150
786.984595 162.916670
787.021413 162.846376
787.038022 162.806367
787.161591 162.798691
787.374718 162.796712
787.515734 162.747688
787.533520 162.703155
787.577254 162.691997
787.580457 162.678218
788.678875 159.581847
789.292189 158.523994
849.601510 157.015701
885.047947 155.642406
896.548503 153.392644
919.070466 151.589418
928.338470 103.576201
935.488990 39.023050
