50.000000 2.000000
64.877134 869.514400
69.392410 644.204477
69.407612 621.376068
69.730559 481.580085
71.838911 471.176927
71.845293 469.694737
71.846167 469.504113
72.028604 467.479004
72.517216 465.777764
77.223972 462.913503
77.962669 462.814575
78.431793 462.432246
85.511357 454.025536
87.215641 449.592561
89.701736 324.909411
111.487564 291.642722
260.808856 289.335937
442.883570 288.318540
495.048993 286.459123
496.248227 285.936714
497.023444 285.897499
497.626224 285.894407
497.988790 285.893725
498.125361 285.878835
508.500955 285.815648
510.921539 285.620103
511.770601 285.605289
511.774577 285.603591
511.776336 285.598218
511.778403 285.569682
517.796171 285.526899
518.157419 285.525227
518.237792 285.522454
523.775801 285.376131
524.981405 285.063543
539.607563 285.019817
543.645004 285.009722
877.415814 284.993500
962.491904 284.328983
962.893396 280.703662
979.797599 276.652126
993.288917 276.187478
994.389816 187.195755
994.564131 134.872213
996.416233 134.701921
998.613959 134.572657
998.814294 130.653810
998.819337 124.350774
998.820194 120.581186
999.453115 63.502673
