50.000000 2.000000
2.501414 873.807059
14.075147 808.463215
190.204618 772.944371
232.887218 772.625470
320.223759 771.298191
378.714259 686.842797
378.806535 677.937047
378.876871 677.246336
378.912272 676.310990
378.940230 676.287478
378.950884 675.623615
379.319338 629.057942
460.743344 591.396563
463.892309 447.135152
464.927485 425.555573
466.067104 416.653268
466.553489 400.338059
549.412006 386.269136
554.016199 368.652008
559.352475 338.702169
559.476978 338.375407
606.749262 263.677717
618.179229 36.821524
989.193160 6.735574
991.654142 4.884945
994.203632 4.816309
994.262704 4.816259
994.477446 4.815601
994.497526 4.814226
994.680885 4.813646
994.680887 4.813628
994.680935 4.813619
994.682085 4.813526
994.682240 4.813509
994.682430 4.813500
994.682490 4.813428
995.135759 4.800731
995.309830 4.800461
995.310187 4.800421
995.310399 4.800366
995.313478 4.800217
995.361680 4.799824
995.554201 4.791675
996.898120 4.784738
997.071557 4.778891
997.188778 4.203062
997.641207 3.406437
998.459046 3.328145
998.983410 2.750303
999.321471 1.001906
