50.000000 2.000000
14.449379 929.358429
68.732066 867.704491
71.257637 867.671738
82.060068 867.619619
83.750130 867.596180
86.991698 866.873843
98.785000 866.838426
114.713166 866.777550
444.293876 832.827888
559.084047 761.948745
572.957387 761.099160
577.549597 759.296356
578.408490 758.634494
590.018374 758.571331
599.586472 758.170580
615.692366 754.755348
699.180082 752.148835
701.345797 749.953574
710.540080 730.580327
749.794990 722.165392
750.514538 721.650271
778.016217 686.684097
818.351847 632.380124
818.727230 632.195493
819.568634 632.190507
820.125581 631.680892
820.310620 631.360322
820.618200 625.943045
820.966689 624.728253
832.192915 274.732056
833.748985 274.671582
835.663313 272.111122
836.166837 271.572181
865.682112 253.251462
880.583017 241.044931
953.455094 240.209696
983.819704 237.837517
984.719658 166.646528
984.957228 156.379250
984.978987 144.136854
986.558388 95.614857
987.843002 77.477476
999.621637 76.849815
999.624992 64.990539
999.726385 56.451907
999.756857 41.339608
999.923952 32.474550
999.939431 28.010497
999.986041 25.342938
999.992724 18.430082
