50.000000 2.000000
83.786971 994.824674
107.422374 990.997731
113.387789 990.369094
413.587904 990.012838
698.602417 989.398593
731.796708 985.641761
782.108998 839.696703
783.341548 839.694216
783.458113 839.649915
784.620302 839.602127
785.621056 839.582023
785.676293 839.478857
786.452107 839.447055
786.569734 839.421465
786.671114 839.392958
786.852486 839.392197
787.234309 839.379274
787.397592 839.348319
787.499599 839.326629
787.976213 839.313021
793.262996 838.860720
819.458569 838.206770
841.148434 836.162397
863.758190 831.370755
870.850272 829.789862
887.617932 828.611586
962.104545 826.105039
964.535715 572.149156
965.443131 489.248356
975.641919 478.872813
978.456622 473.768884
981.309950 408.845875
988.630565 404.944308
992.037459 403.569389
993.432359 385.335530
993.511520 385.084307
994.646737 385.022635
994.729699 384.741099
994.760015 383.328514
995.319715 323.828275
995.325070 317.350828
996.628763 307.119530
997.912665 288.007927
997.979911 230.061227
998.843684 78.571012
999.047250 22.076551
999.182509 15.830393
999.846370 11.882941
999.886364 0.991905
999.981333 0.978947
