50.000000 2.000000
64.779396 940.380013
115.607327 931.153515
135.241409 874.656118
141.169914 874.646840
142.687081 874.316806
143.452221 873.614854
149.376294 868.009612
151.880583 857.603076
180.057833 837.519316
197.243634 785.238419
442.851406 738.109631
472.036507 726.958837
481.984108 719.196587
483.052511 718.411923
484.368180 713.626586
484.817892 713.410110
503.545137 702.491452
504.803064 702.429981
510.537317 702.369121
514.400016 702.119007
514.407697 702.025754
518.684834 701.336845
520.747208 700.375988
520.964263 700.230677
521.556961 699.997799
533.843028 656.654460
538.001254 656.256197
538.109073 656.215143
538.388947 656.102554
538.415684 655.283614
540.309967 654.881461
540.578957 651.094248
570.690831 646.875096
578.868764 643.071656
581.079957 632.260246
581.597821 628.125475
583.691115 627.976208
585.148516 627.829211
588.242822 624.269532
613.241539 623.181849
722.023371 623.058909
741.791668 622.543142
764.189205 622.025263
794.020588 621.843040
821.741043 434.587612
988.628751 220.133348
989.327019 54.739672
989.743432 35.796209
993.385941 15.596944
999.379130 11.073642
