50.000000 2.000000
0.363078 951.740926
0.654574 920.080757
5.185764 880.961603
5.705546 878.418543
6.111873 877.826008
6.167897 877.256954
6.433407 870.719974
6.433851 846.188791
6.667440 801.780673
7.895045 760.768657
8.727872 742.630151
8.987102 713.340922
9.330276 696.498211
38.985948 677.550886
47.870259 673.016623
51.256248 671.079190
54.877278 650.748953
55.800353 650.495250
56.725079 650.489315
56.996372 650.389634
94.035402 650.349639
137.208515 650.178609
137.504754 648.615577
138.696672 643.556588
139.878868 643.212123
140.989996 641.417028
141.010039 641.370073
141.068547 641.232568
141.134006 640.602189
141.159117 639.617027
141.161806 639.169589
157.849496 635.380683
192.146109 529.092544
282.057959 481.806076
397.036694 456.410366
397.603156 416.174075
402.025211 291.788867
441.920319 279.989490
457.751624 276.445212
474.200758 268.467651
489.351690 247.475532
494.959149 224.374179
579.922087 221.329249
615.716203 213.387782
654.353185 212.708734
804.554295 203.636304
807.111498 203.350418
874.577558 202.876017
899.803327 202.608071
905.050373 14.492978
