50.000000 2.000000
22.296150 896.502505
243.266316 844.194002
243.621199 813.311512
249.519124 810.909301
251.359006 810.889803
267.746426 810.603807
268.072758 810.600552
273.523918 810.599786
273.592102 810.599363
273.734788 810.597756
275.837187 810.584748
284.087261 810.496432
284.175251 810.490036
284.254063 810.489857
284.262195 810.489041
284.348792 810.486953
284.439016 810.481767
284.595833 810.471338
285.123226 810.431928
288.726013 810.032398
292.225172 800.163409
298.676294 797.559548
299.348384 795.139371
302.359850 794.884080
302.556940 793.731788
305.028771 792.817791
305.848216 792.200419
306.464303 791.386814
340.208403 789.645767
547.175607 775.036130
547.493615 720.792392
547.813159 454.822223
548.063169 453.427904
549.307968 446.011133
550.784308 419.177203
555.516816 415.939164
573.742588 415.550434
585.910347 413.684831
586.537033 409.387221
716.712140 384.882734
778.923775 381.691968
780.072632 381.217799
783.671610 381.004182
811.335022 344.828778
893.256811 341.272366
928.096808 337.965907
991.422960 171.311615
995.040794 51.634980
995.055164 36.517324
995.444510 3.030924
