1000.000000 2.000000
3.013999 0.110081
3.014397 0.110052
3.028148 0.109055
3.041402 0.108107
3.043368 0.107967
3.050415 0.107469
3.072937 0.105899
3.075903 0.105695
3.086227 0.104989
3.089123 0.104792
3.094835 0.104406
3.100771 0.104007
3.115518 0.103024
3.119531 0.102759
3.129467 0.102108
3.134329 0.101791
3.137467 0.101588
3.140400 0.101398
3.148691 0.100865
3.154619 0.100486
3.162509 0.099985
3.170371 0.099490
3.176044 0.099135
3.177419 0.099049
3.184035 0.098638
3.193855 0.098032
3.195515 0.097931
3.197356 0.097818
3.210794 0.097001
3.212944 0.096871
3.237986 0.095378
3.244717 0.094983
3.252383 0.094536
3.253489 0.094472
3.254319 0.094423
3.268076 0.093630
3.272086 0.093401
3.275917 0.093182
3.275990 0.093178
3.276127 0.093171
3.281239 0.092880
3.287466 0.092529
3.300122 0.091821
3.303602 0.091627
3.304007 0.091605
3.317499 0.090861
3.319171 0.090770
3.326795 0.090354
3.328643 0.090254
3.345567 0.089343
3.360548 0.088548
3.363928 0.088370
3.366924 0.088213
3.371349 0.087982
3.372568 0.087918
3.383917 0.087329
3.392380 0.086894
3.396904 0.086663
3.398093 0.086602
3.415088 0.085743
3.417474 0.085623
3.422062 0.085393
3.435595 0.084722
3.439165 0.084546
3.439322 0.084538
3.447466 0.084140
3.448235 0.084102
3.449366 0.084047
3.464280 0.083325
3.466031 0.083241
3.471186 0.082994
3.481550 0.082500
3.485131 0.082331
3.485543 0.082311
3.494183 0.081905
3.499801 0.081642
3.514831 0.080945
3.521074 0.080658
3.527601 0.080360
3.530505 0.080228
3.539707 0.079811
3.546450 0.079508
3.561501 0.078838
3.576768 0.078166
3.596899 0.077294
3.609045 0.076774
3.620483 0.076290
3.624100 0.076138
3.633715 0.075735
3.633763 0.075733
3.637753 0.075567
3.647068 0.075182
3.653530 0.074916
3.670859 0.074210
3.686202 0.073594
3.687350 0.073548
3.692262 0.073353
3.704668 0.072862
3.704921 0.072852
3.722384 0.072170
3.729705 0.071887
3.730650 0.071851
3.734625 0.071698
3.736243 0.071636
3.742679 0.071390
3.753226 0.070989
3.763204 0.070613
3.764456 0.070566
3.766442 0.070492
3.783848 0.069845
3.794934 0.069437
3.802346 0.069167
3.806052 0.069032
3.816593 0.068651
3.821111 0.068489
3.834019 0.068029
3.844563 0.067656
3.845741 0.067615
3.849356 0.067488
3.849470 0.067484
3.850471 0.067448
3.860789 0.067088
3.866915 0.066876
3.874492 0.066615
3.882032 0.066356
3.892505 0.066000
3.895727 0.065891
3.896024 0.065880
3.917008 0.065177
3.922259 0.065002
3.926780 0.064853
3.933558 0.064629
3.934118 0.064611
3.934414 0.064601
3.935458 0.064567
3.959005 0.063801
3.968801 0.063486
3.970857 0.063421
3.980182 0.063124
4.001571 0.062451
4.017965 0.061942
4.019047 0.061909
4.019434 0.061897
4.020192 0.061874
4.022341 0.061808
4.030426 0.061560
4.036720 0.061368
4.055670 0.060796
4.057473 0.060742
4.062388 0.060595
4.072903 0.060283
4.086127 0.059893
4.100029 0.059488
4.102306 0.059422
4.107781 0.059263
4.112733 0.059121
4.122016 0.058855
4.126643 0.058723
4.138265 0.058393
4.141546 0.058301
4.143088 0.058257
4.149185 0.058086
4.171148 0.057476
4.190213 0.056954
4.190436 0.056948
4.192767 0.056885
4.206739 0.056508
4.209233 0.056441
4.216963 0.056234
4.219251 0.056173
4.227901 0.055944
4.228182 0.055936
4.231409 0.055851
4.231719 0.055843
4.233613 0.055793
4.256817 0.055186
4.275915 0.054694
4.276150 0.054688
4.283620 0.054498
4.314658 0.053716
4.325743 0.053441
4.335319 0.053206
4.338305 0.053132
4.343947 0.052995
4.354487 0.052738
4.370175 0.052360
4.370517 0.052352
4.380717 0.052109
4.383119 0.052052
4.386739 0.051966
4.391578 0.051851
4.425349 0.051063
4.432632 0.050895
4.437481 0.050784
4.443285 0.050651
4.446187 0.050585
4.457444 0.050330
4.460894 0.050252
4.461789 0.050232
4.464978 0.050160
4.469977 0.050048
4.476262 0.049908
4.480170 0.049821
4.488182 0.049643
4.495148 0.049489
4.497242 0.049443
4.514943 0.049056
4.515357 0.049047
4.546018 0.048388
4.549439 0.048315
4.550437 0.048294
4.561764 0.048055
4.578454 0.047705
4.581936 0.047632
4.583947 0.047591
4.594515 0.047372
4.603780 0.047181
4.604435 0.047168
4.623909 0.046772
4.639809 0.046451
4.642262 0.046402
4.648472 0.046279
4.651814 0.046212
4.655544 0.046138
4.661721 0.046016
4.674164 0.045771
4.677930 0.045698
4.679335 0.045670
4.680011 0.045657
4.680961 0.045638
4.700768 0.045255
4.736956 0.044566
4.738956 0.044528
4.749845 0.044324
4.750563 0.044311
4.752356 0.044277
4.764116 0.044059
4.764988 0.044043
4.766763 0.044010
4.768026 0.043987
4.781534 0.043739
4.783908 0.043695
4.785760 0.043661
4.794793 0.043497
4.796649 0.043463
4.797325 0.043451
4.801798 0.043370
4.807978 0.043259
4.816570 0.043105
4.822326 0.043002
4.836477 0.042751
4.838234 0.042720
4.839276 0.042701
4.850900 0.042497
4.853035 0.042459
4.871753 0.042134
4.874982 0.042078
4.886885 0.041873
4.891257 0.041798
4.894345 0.041746
4.896859 0.041703
4.903889 0.041583
4.906017 0.041547
4.906399 0.041541
4.914185 0.041409
4.915129 0.041393
4.915225 0.041392
4.916227 0.041375
4.918543 0.041336
4.919734 0.041316
4.935531 0.041052
4.938009 0.041011
4.938821 0.040997
4.948834 0.040831
4.953989 0.040746
4.957737 0.040685
4.958470 0.040673
4.959653 0.040653
4.967910 0.040518
4.980313 0.040317
4.982773 0.040277
4.986211 0.040222
5.006337 0.039899
5.010613 0.039831
5.021232 0.039662
5.023904 0.039620
5.035195 0.039443
5.039869 0.039370
5.040596 0.039358
5.050537 0.039204
5.055855 0.039121
5.058124 0.039086
5.060564 0.039048
5.062587 0.039017
5.063594 0.039002
5.069994 0.038903
5.070270 0.038899
5.070848 0.038890
5.072955 0.038858
5.095719 0.038511
5.100076 0.038446
5.113112 0.038250
5.116809 0.038195
5.126310 0.038053
5.131701 0.037973
5.135629 0.037915
5.138777 0.037869
5.140128 0.037849
5.164842 0.037487
5.165048 0.037484
5.166700 0.037460
5.184563 0.037203
5.192917 0.037083
5.201201 0.036965
5.205393 0.036906
5.207901 0.036870
5.208514 0.036861
5.214643 0.036775
5.215923 0.036757
5.223423 0.036651
5.245298 0.036346
5.256858 0.036187
5.258112 0.036169
5.260986 0.036130
5.263081 0.036101
5.266053 0.036060
5.267449 0.036041
5.267722 0.036037
5.277324 0.035906
5.277744 0.035901
5.290637 0.035726
5.293749 0.035684
5.304573 0.035539
5.306765 0.035509
5.314314 0.035408
5.320794 0.035322
5.325661 0.035258
5.336578 0.035114
5.340822 0.035058
5.341647 0.035047
5.358108 0.034832
5.385769 0.034475
5.388336 0.034442
5.391760 0.034398
5.398849 0.034308
5.399836 0.034296
5.416652 0.034083
5.419723 0.034044
5.427784 0.033943
5.444308 0.033738
5.448907 0.033681
5.462159 0.033517
5.478116 0.033322
5.496685 0.033098
5.497135 0.033092
5.501152 0.033044
5.503888 0.033011
5.504953 0.032998
5.513328 0.032898
5.513665 0.032894
5.514460 0.032885
5.522119 0.032794
5.525696 0.032751
5.530422 0.032695
5.534604 0.032646
5.535930 0.032630
5.537384 0.032613
5.545257 0.032520
5.545844 0.032514
5.573195 0.032195
5.597099 0.031921
5.598480 0.031905
5.599647 0.031892
5.610082 0.031773
5.622831 0.031629
5.625566 0.031599
5.637753 0.031462
5.641585 0.031419
5.641914 0.031416
5.644303 0.031389
5.649782 0.031328
5.681506 0.030979
5.686173 0.030929
5.686566 0.030924
5.695722 0.030825
5.720774 0.030556
5.751600 0.030229
5.780553 0.029927
5.782012 0.029912
5.798779 0.029739
5.804608 0.029679
5.813464 0.029589
5.823333 0.029489
5.825694 0.029465
5.840005 0.029321
5.851177 0.029209
5.855891 0.029162
5.865373 0.029068
5.866000 0.029061
5.904102 0.028687
5.922475 0.028510
5.954246 0.028206
5.955481 0.028195
5.963916 0.028115
5.965913 0.028096
5.973472 0.028025
5.979311 0.027970
5.990854 0.027863
6.009429 0.027691
6.016492 0.027626
6.018159 0.027610
6.023575 0.027561
6.029433 0.027507
6.046848 0.027349
6.048676 0.027332
6.063104 0.027203
6.073048 0.027114
6.110430 0.026783
6.125448 0.026652
6.127949 0.026630
6.149254 0.026446
6.151779 0.026424
6.160784 0.026347
6.163007 0.026328
6.166007 0.026302
6.166151 0.026301
6.168294 0.026283
6.173061 0.026242
6.174324 0.026231
6.184744 0.026143
6.193783 0.026067
6.208264 0.025945
6.228575 0.025776
6.228644 0.025776
6.243072 0.025657
6.248830 0.025610
6.268027 0.025453
6.271488 0.025425
6.273149 0.025411
6.283354 0.025329
6.287641 0.025294
6.306187 0.025146
6.309390 0.025120
6.317116 0.025059
6.327077 0.024980
6.343927 0.024848
6.347654 0.024818
6.356391 0.024750
6.356838 0.024747
6.356845 0.024747
6.370692 0.024639
6.397658 0.024432
6.400913 0.024407
6.404202 0.024382
6.405445 0.024373
6.406969 0.024361
6.407353 0.024358
6.420854 0.024256
6.421789 0.024249
6.422193 0.024246
6.424685 0.024227
6.444820 0.024076
6.457224 0.023983
6.459526 0.023966
6.463131 0.023939
6.489701 0.023744
6.490584 0.023737
6.494845 0.023706
6.495305 0.023703
6.500714 0.023663
6.509650 0.023599
6.511779 0.023583
6.516283 0.023550
6.517841 0.023539
6.522075 0.023509
6.536318 0.023406
6.539207 0.023386
6.556446 0.023263
6.561429 0.023228
6.561720 0.023225
6.563139 0.023215
6.578216 0.023109
6.579108 0.023103
6.587505 0.023044
6.592140 0.023012
6.607363 0.022906
6.610135 0.022886
6.610642 0.022883
6.616251 0.022844
6.637068 0.022701
6.637548 0.022698
6.641759 0.022669
6.645473 0.022644
6.649998 0.022613
6.654889 0.022580
6.661133 0.022537
6.676426 0.022434
6.679323 0.022415
6.679630 0.022413
6.679795 0.022412
6.682186 0.022396
6.683216 0.022389
6.700451 0.022274
6.700906 0.022271
6.701829 0.022265
6.710328 0.022208
6.711411 0.022201
6.711957 0.022197
6.713531 0.022187
6.719849 0.022145
6.721846 0.022132
6.724243 0.022116
6.724364 0.022116
6.725688 0.022107
6.730143 0.022078
6.750133 0.021947
6.756330 0.021907
6.759255 0.021888
6.762823 0.021865
6.769367 0.021822
6.778898 0.021761
6.780432 0.021751
6.786164 0.021715
6.790663 0.021686
6.790689 0.021686
6.792460 0.021674
6.793387 0.021668
6.795451 0.021655
6.805280 0.021593
6.809036 0.021569
6.830221 0.021435
6.835696 0.021401
6.835741 0.021401
6.838011 0.021387
6.843068 0.021355
6.847656 0.021326
6.848527 0.021321
6.861838 0.021238
6.867990 0.021200
6.868427 0.021198
6.868459 0.021197
6.872039 0.021175
6.899244 0.021009
6.909109 0.020949
6.913897 0.020920
6.913932 0.020919
6.917596 0.020897
6.924650 0.020855
6.944694 0.020735
6.967568 0.020599
6.975434 0.020552
6.992432 0.020452
7.008773 0.020357
7.013779 0.020328
7.040028 0.020177
7.055728 0.020087
7.057133 0.020079
7.057210 0.020079
7.072401 0.019992
7.085019 0.019921
7.086471 0.019913
7.089289 0.019897
7.101172 0.019831
7.104137 0.019814
7.111469 0.019773
7.115076 0.019753
7.118736 0.019733
7.124641 0.019700
7.128194 0.019681
7.159287 0.019510
7.160341 0.019504
7.167637 0.019465
7.181421 0.019390
7.189492 0.019347
7.203718 0.019270
7.204859 0.019264
7.211329 0.019230
7.218816 0.019190
7.224261 0.019161
7.231769 0.019121
7.246293 0.019044
7.246484 0.019043
7.248197 0.019034
7.265253 0.018945
7.273530 0.018902
7.282573 0.018855
7.289083 0.018822
7.289725 0.018818
7.291612 0.018808
7.294913 0.018791
7.297942 0.018776
7.298743 0.018772
7.306803 0.018730
7.308677 0.018721
7.327627 0.018624
7.331241 0.018606
7.332102 0.018601
7.344080 0.018541
7.346827 0.018527
7.351824 0.018502
7.356548 0.018478
7.380541 0.018358
7.381038 0.018355
7.388049 0.018321
7.392349 0.018299
7.396429 0.018279
7.398732 0.018268
7.402897 0.018247
7.405500 0.018234
7.405891 0.018232
7.427305 0.018127
7.427496 0.018127
7.433522 0.018097
7.439421 0.018068
7.448133 0.018026
7.456814 0.017984
7.468237 0.017929
7.472009 0.017911
7.475159 0.017896
7.483940 0.017854
7.484126 0.017853
7.492612 0.017813
7.495458 0.017799
7.496468 0.017795
7.501958 0.017768
7.521642 0.017676
7.523679 0.017666
7.535908 0.017609
7.538532 0.017597
7.541907 0.017581
7.544337 0.017569
7.544973 0.017566
7.546486 0.017559
7.562815 0.017484
7.569512 0.017453
7.574997 0.017427
7.577084 0.017418
7.577312 0.017417
7.579795 0.017405
7.581706 0.017397
7.583937 0.017386
7.586110 0.017376
7.592664 0.017346
7.595586 0.017333
7.599876 0.017314
7.601851 0.017305
7.602534 0.017301
7.603783 0.017296
7.605052 0.017290
7.608285 0.017275
7.612562 0.017256
7.613637 0.017251
7.630700 0.017174
7.640985 0.017128
7.642123 0.017123
7.642551 0.017121
7.651913 0.017079
7.652987 0.017074
7.653469 0.017072
7.659665 0.017044
7.661120 0.017038
7.665217 0.017020
7.666564 0.017014
7.671419 0.016992
7.673924 0.016981
7.678694 0.016960
7.684773 0.016933
7.684995 0.016932
7.701499 0.016860
7.709799 0.016823
7.710819 0.016819
7.717820 0.016788
7.725629 0.016755
7.726110 0.016752
7.738590 0.016698
7.739398 0.016695
7.741597 0.016685
7.751175 0.016644
7.767321 0.016575
7.768946 0.016568
7.776253 0.016537
7.777244 0.016533
7.780601 0.016519
7.792052 0.016470
7.805344 0.016414
7.811213 0.016389
7.815842 0.016370
7.817448 0.016363
7.821316 0.016347
7.835962 0.016286
7.847941 0.016236
7.853150 0.016215
7.867469 0.016156
7.868681 0.016151
7.873792 0.016130
7.878731 0.016110
7.880765 0.016101
7.885068 0.016084
7.885808 0.016081
7.895881 0.016040
7.899254 0.016026
7.902032 0.016015
7.921074 0.015938
7.930146 0.015901
7.950154 0.015822
7.952316 0.015813
7.958992 0.015786
7.960165 0.015782
7.960326 0.015781
7.971827 0.015736
7.972233 0.015734
7.980364 0.015702
7.985475 0.015682
7.989783 0.015665
7.992496 0.015654
8.027392 0.015519
8.032567 0.015499
8.036541 0.015483
8.038903 0.015474
8.039005 0.015474
8.039046 0.015474
8.041901 0.015463
8.057072 0.015404
8.058697 0.015398
8.058720 0.015398
8.071092 0.015351
8.071371 0.015350
8.077146 0.015328
8.084926 0.015298
8.112347 0.015195
8.123934 0.015152
8.140163 0.015092
8.143468 0.015079
8.150400 0.015054
8.169714 0.014983
8.169906 0.014982
8.170277 0.014981
8.180827 0.014942
8.217235 0.014810
8.220248 0.014799
8.238249 0.014734
8.252589 0.014683
8.263061 0.014646
8.263603 0.014644
8.270568 0.014619
8.277884 0.014594
8.278711 0.014591
8.301723 0.014510
8.306601 0.014493
8.318426 0.014452
8.331495 0.014406
8.338730 0.014381
8.343969 0.014363
8.345316 0.014359
8.346121 0.014356
8.346294 0.014355
8.353710 0.014330
8.359684 0.014309
8.363897 0.014295
8.373041 0.014264
8.381015 0.014237
8.392992 0.014196
8.405640 0.014153
8.420260 0.014104
8.430380 0.014070
8.431780 0.014066
8.432341 0.014064
8.440810 0.014036
8.465910 0.013953
8.469578 0.013940
8.473905 0.013926
8.474166 0.013925
8.475855 0.013920
8.485085 0.013890
8.498263 0.013846
8.500130 0.013840
8.500274 0.013840
8.502992 0.013831
8.512023 0.013802
8.518030 0.013782
8.527168 0.013753
8.533145 0.013734
8.533393 0.013733
8.548603 0.013684
8.556240 0.013659
8.557186 0.013656
8.558139 0.013653
8.573260 0.013605
8.574297 0.013602
8.579083 0.013587
8.593635 0.013541
8.597861 0.013528
8.602871 0.013512
8.609084 0.013492
8.615756 0.013471
8.618052 0.013464
8.622657 0.013450
8.622893 0.013449
8.623059 0.013449
8.637803 0.013403
8.638458 0.013401
8.639214 0.013398
8.641807 0.013390
8.648457 0.013370
8.660367 0.013333
8.664923 0.013319
8.667347 0.013312
8.671784 0.013298
8.672944 0.013294
8.676632 0.013283
8.684332 0.013260
8.695612 0.013225
8.696673 0.013222
8.702654 0.013204
8.712652 0.013173
8.724185 0.013139
8.725246 0.013135
8.734235 0.013108
8.739873 0.013092
8.740072 0.013091
8.749482 0.013063
8.753642 0.013050
8.755316 0.013045
8.759259 0.013034
8.781749 0.012967
8.794737 0.012929
8.801603 0.012909
8.807294 0.012892
8.808210 0.012889
8.808795 0.012887
8.811563 0.012879
8.816559 0.012865
8.820592 0.012853
8.820857 0.012852
8.826647 0.012835
8.834584 0.012812
8.839041 0.012799
8.844879 0.012783
8.846962 0.012776
8.848536 0.012772
8.852978 0.012759
8.869391 0.012712
8.873155 0.012701
8.881035 0.012679
8.882238 0.012675
8.887440 0.012660
8.889924 0.012653
8.901051 0.012622
8.902514 0.012618
8.907245 0.012604
8.911319 0.012593
8.917483 0.012575
8.929211 0.012542
8.929294 0.012542
8.941202 0.012509
8.952732 0.012476
8.953863 0.012473
8.956984 0.012465
8.971575 0.012424
8.993594 0.012363
8.993736 0.012363
8.994201 0.012362
8.997036 0.012354
9.004637 0.012333
9.007274 0.012326
9.011154 0.012315
9.016538 0.012300
9.018824 0.012294
9.023388 0.012282
9.031029 0.012261
9.037480 0.012243
9.042556 0.012230
9.047510 0.012216
9.049657 0.012211
9.050255 0.012209
9.054568 0.012197
9.069881 0.012156
9.070307 0.012155
9.078789 0.012132
9.089821 0.012103
9.092584 0.012096
9.099723 0.012077
9.100988 0.012073
9.109466 0.012051
9.112243 0.012043
9.147467 0.011951
9.150035 0.011944
9.168934 0.011895
9.183441 0.011857
9.184813 0.011854
9.197212 0.011822
9.197457 0.011821
9.201004 0.011812
9.226017 0.011748
9.227428 0.011745
9.229235 0.011740
9.233159 0.011730
9.237145 0.011720
9.239321 0.011714
9.241112 0.011710
9.246417 0.011696
9.258792 0.011665
9.259219 0.011664
9.261927 0.011657
9.263677 0.011653
9.268279 0.011641
9.281099 0.011609
9.283090 0.011604
9.287424 0.011593
9.293697 0.011578
9.316479 0.011521
9.329295 0.011490
9.348236 0.011443
9.369232 0.011392
9.382264 0.011360
9.391744 0.011337
9.394032 0.011332
9.395820 0.011327
9.397189 0.011324
9.400886 0.011315
9.403838 0.011308
9.403839 0.011308
9.405685 0.011304
9.414877 0.011282
9.417196 0.011276
9.431993 0.011241
9.438707 0.011225
9.454046 0.011188
9.463049 0.011167
9.463080 0.011167
9.472047 0.011146
9.477559 0.011133
9.482061 0.011122
9.489889 0.011104
9.491929 0.011099
9.494976 0.011092
9.495566 0.011091
9.518610 0.011037
9.521924 0.011029
9.529566 0.011012
9.534474 0.011000
9.539107 0.010990
9.551933 0.010960
9.562116 0.010937
9.563209 0.010934
9.563390 0.010934
9.583147 0.010889
9.601387 0.010848
9.615000 0.010817
9.616094 0.010814
9.618072 0.010810
9.626298 0.010791
9.627486 0.010789
9.639565 0.010762
9.644165 0.010752
9.652554 0.010733
9.657468 0.010722
9.670040 0.010694
9.671841 0.010690
9.673416 0.010687
9.681563 0.010669
9.682120 0.010667
9.703478 0.010621
9.704669 0.010618
9.705529 0.010616
9.712740 0.010600
9.717075 0.010591
9.723324 0.010577
9.732120 0.010558
9.742538 0.010536
9.746408 0.010527
9.750324 0.010519
9.752687 0.010514
9.756369 0.010506
9.763757 0.010490
9.765624 0.010486
9.773370 0.010469
9.783890 0.010447
9.786790 0.010440
9.793483 0.010426
9.803903 0.010404
9.853205 0.010300
9.857074 0.010292
9.864785 0.010276
9.870147 0.010265
9.871022 0.010263
9.871885 0.010261
9.873702 0.010257
9.873825 0.010257
9.876229 0.010252
9.900058 0.010203
9.913255 0.010176
9.918135 0.010166
9.939549 0.010122
9.945566 0.010110
9.948736 0.010103
9.990915 0.010018
9.994234 0.010012
9.995949 0.010008
9.999715 0.010001
