50.000000 2.000000
3.063703 0.106539
3.131807 0.101955
3.353424 0.088925
3.448668 0.084081
3.543843 0.079625
3.827140 0.068273
3.892329 0.066006
4.382542 0.052065
4.400009 0.051653
4.440685 0.050711
4.564940 0.047988
4.662508 0.046000
4.713742 0.045006
4.716316 0.044957
4.886962 0.041872
5.016717 0.039734
5.018370 0.039708
5.048834 0.039230
5.065546 0.038972
5.375293 0.034610
5.418432 0.034061
5.457959 0.033569
5.482041 0.033275
5.531603 0.032681
5.672385 0.031079
5.748609 0.030260
5.937731 0.028363
6.294809 0.025237
6.387360 0.024511
6.453155 0.024014
6.773082 0.021799
7.102142 0.019825
7.292567 0.018804
7.345044 0.018536
7.710824 0.016819
7.828764 0.016316
7.918716 0.015947
7.982064 0.015695
8.021454 0.015542
8.178960 0.014949
8.618883 0.013462
8.745253 0.013075
8.746988 0.013070
9.067147 0.012164
9.106955 0.012057
9.483108 0.011120
9.669378 0.010696
9.831835 0.010345
9.860436 0.010285
9.920744 0.010160
