50.000000 2.000000
3.017480 0.109827
3.067859 0.106250
3.347507 0.089239
3.502983 0.081494
3.937358 0.064505
4.139206 0.058367
4.165543 0.057631
4.362844 0.052536
4.393941 0.051795
4.435309 0.050834
4.516738 0.049017
4.545633 0.048396
4.695466 0.045357
4.809025 0.043240
4.829746 0.042870
4.906797 0.041534
4.943594 0.040918
5.113056 0.038251
5.122131 0.038115
5.135064 0.037923
5.135445 0.037918
5.142380 0.037816
5.176008 0.037326
5.190225 0.037122
5.319572 0.035338
5.503348 0.033018
5.635116 0.031492
6.225522 0.025802
6.306071 0.025147
6.315672 0.025070
6.356669 0.024748
6.714907 0.022178
6.781382 0.021745
6.917331 0.020899
6.969279 0.020588
7.576158 0.017422
7.676139 0.016971
7.745506 0.016669
8.087514 0.015289
8.444315 0.014024
8.631850 0.013421
8.728239 0.013126
9.033492 0.012254
9.593479 0.010865
9.644892 0.010750
9.841791 0.010324
9.877865 0.010249
9.881893 0.010240
9.943317 0.010114
9.987233 0.010026
