5000.000000 2.000000
3.002589 0.110920
3.004699 0.110764
3.004780 0.110758
3.005351 0.110716
3.005648 0.110694
3.006376 0.110640
3.006721 0.110615
3.007073 0.110589
3.007261 0.110575
3.008840 0.110459
3.009405 0.110418
3.016185 0.109922
3.017375 0.109835
3.018285 0.109769
3.018994 0.109717
3.020501 0.109608
3.021567 0.109531
3.021632 0.109526
3.021765 0.109516
3.022482 0.109464
3.022668 0.109451
3.023605 0.109383
3.023899 0.109362
3.024290 0.109333
3.024634 0.109309
3.025535 0.109243
3.026003 0.109210
3.026065 0.109205
3.026523 0.109172
3.027586 0.109096
3.027665 0.109090
3.028376 0.109039
3.032294 0.108757
3.034160 0.108623
3.034489 0.108600
3.034883 0.108572
3.035661 0.108516
3.039075 0.108272
3.040283 0.108186
3.040871 0.108144
3.045456 0.107819
3.046667 0.107733
3.048413 0.107610
3.050422 0.107468
3.050843 0.107439
3.050889 0.107435
3.051063 0.107423
3.054613 0.107174
3.055045 0.107143
3.055678 0.107099
3.057335 0.106983
3.061189 0.106714
3.061222 0.106711
3.063457 0.106556
3.065218 0.106433
3.065495 0.106414
3.067815 0.106253
3.068243 0.106223
3.068754 0.106188
3.070407 0.106074
3.072078 0.105958
3.074847 0.105768
3.076911 0.105626
3.078686 0.105504
3.079450 0.105452
3.080115 0.105406
3.081909 0.105283
3.083988 0.105142
3.085001 0.105073
3.086926 0.104942
3.089989 0.104734
3.091115 0.104657
3.091297 0.104645
3.091309 0.104644
3.091368 0.104640
3.092174 0.104586
3.093315 0.104509
3.098072 0.104188
3.100507 0.104024
3.103794 0.103804
3.104197 0.103777
3.104256 0.103773
3.105182 0.103711
3.106170 0.103645
3.106898 0.103597
3.107811 0.103536
3.108113 0.103516
3.108702 0.103477
3.110556 0.103353
3.112349 0.103234
3.113157 0.103181
3.114059 0.103121
3.114845 0.103069
3.115131 0.103050
3.115535 0.103023
3.115685 0.103013
3.117769 0.102876
3.117832 0.102871
3.118266 0.102843
3.120690 0.102683
3.122510 0.102563
3.123933 0.102470
3.125287 0.102381
3.126228 0.102320
3.126451 0.102305
3.127154 0.102259
3.127861 0.102213
3.128077 0.102199
3.129272 0.102121
3.130466 0.102043
3.131752 0.101959
3.131870 0.101951
3.133132 0.101869
3.134001 0.101813
3.137089 0.101612
3.137192 0.101606
3.138104 0.101547
3.145476 0.101071
3.146578 0.101000
3.147392 0.100948
3.148634 0.100868
3.149410 0.100819
3.149560 0.100809
3.150712 0.100736
3.153061 0.100585
3.153379 0.100565
3.155095 0.100456
3.158327 0.100250
3.158467 0.100241
3.159175 0.100197
3.169390 0.099552
3.169797 0.099526
3.170802 0.099463
3.173119 0.099318
3.176181 0.099126
3.176886 0.099082
3.177761 0.099028
3.179233 0.098936
3.180520 0.098856
3.181057 0.098823
3.181148 0.098817
3.182559 0.098730
3.185644 0.098538
3.187536 0.098421
3.188075 0.098388
3.189852 0.098279
3.192209 0.098134
3.192519 0.098114
3.193296 0.098067
3.193828 0.098034
3.194627 0.097985
3.195106 0.097956
3.197314 0.097820
3.204406 0.097388
3.204767 0.097366
3.208658 0.097130
3.208803 0.097121
3.213664 0.096828
3.214667 0.096767
3.217036 0.096625
3.219199 0.096495
3.219945 0.096450
3.220717 0.096404
3.221827 0.096338
3.225186 0.096137
3.226664 0.096049
3.227115 0.096022
3.229095 0.095904
3.229958 0.095853
3.232697 0.095691
3.236129 0.095488
3.236507 0.095466
3.238988 0.095319
3.239977 0.095261
3.241159 0.095192
3.241984 0.095143
3.242948 0.095087
3.246200 0.094896
3.248853 0.094741
3.249850 0.094683
3.251144 0.094608
3.252725 0.094516
3.252728 0.094516
3.253115 0.094493
3.253904 0.094447
3.254158 0.094433
3.254177 0.094432
3.260919 0.094042
3.261134 0.094029
3.263027 0.093920
3.263567 0.093889
3.264075 0.093860
3.268897 0.093583
3.270915 0.093468
3.274373 0.093270
3.276172 0.093168
3.277514 0.093092
3.277994 0.093064
3.279308 0.092990
3.280178 0.092941
3.280304 0.092933
3.284799 0.092679
3.285485 0.092641
3.286277 0.092596
3.286581 0.092579
3.286714 0.092571
3.286886 0.092562
3.287056 0.092552
3.287166 0.092546
3.287270 0.092540
3.289318 0.092425
3.289594 0.092409
3.290916 0.092335
3.291977 0.092275
3.293466 0.092192
3.294066 0.092158
3.295712 0.092066
3.296248 0.092037
3.302217 0.091704
3.303686 0.091623
3.304686 0.091567
3.307241 0.091426
3.308120 0.091377
3.311383 0.091197
3.311596 0.091185
3.311982 0.091164
3.313154 0.091100
3.314043 0.091051
3.314213 0.091041
3.315174 0.090989
3.316093 0.090938
3.316489 0.090917
3.317330 0.090870
3.317620 0.090855
3.318048 0.090831
3.318735 0.090794
3.319241 0.090766
3.319818 0.090734
3.321037 0.090668
3.325147 0.090444
3.326542 0.090368
3.326549 0.090367
3.329077 0.090230
3.329125 0.090228
3.333619 0.089985
3.333840 0.089973
3.335863 0.089864
3.336265 0.089842
3.340609 0.089608
3.342614 0.089501
3.343120 0.089474
3.344542 0.089398
3.345976 0.089321
3.348725 0.089175
3.349712 0.089122
3.350000 0.089107
3.351101 0.089048
3.352174 0.088991
3.353390 0.088927
3.354016 0.088893
3.354837 0.088850
3.354899 0.088847
3.356248 0.088775
3.358462 0.088658
3.360452 0.088553
3.360481 0.088552
3.360747 0.088538
3.360980 0.088525
3.361140 0.088517
3.364233 0.088354
3.366109 0.088256
3.369409 0.088083
3.369905 0.088057
3.369975 0.088053
3.370720 0.088015
3.371251 0.087987
3.374460 0.087820
3.374485 0.087818
3.375040 0.087789
3.375650 0.087758
3.377627 0.087655
3.379759 0.087544
3.382143 0.087421
3.382846 0.087385
3.383076 0.087373
3.384233 0.087313
3.384287 0.087310
3.385688 0.087238
3.386231 0.087210
3.386487 0.087197
3.389019 0.087067
3.391434 0.086943
3.391524 0.086938
3.391651 0.086932
3.392113 0.086908
3.395413 0.086739
3.395511 0.086734
3.395901 0.086714
3.396475 0.086685
3.396767 0.086670
3.397330 0.086641
3.397561 0.086629
3.398346 0.086589
3.398743 0.086569
3.399724 0.086519
3.400243 0.086493
3.402067 0.086400
3.402675 0.086369
3.403542 0.086325
3.403828 0.086311
3.405225 0.086240
3.405841 0.086209
3.408958 0.086051
3.410579 0.085969
3.413942 0.085800
3.413988 0.085798
3.418015 0.085596
3.418111 0.085591
3.418545 0.085569
3.418643 0.085564
3.421161 0.085438
3.421896 0.085402
3.422095 0.085392
3.422635 0.085365
3.422934 0.085350
3.424019 0.085296
3.426117 0.085191
3.428110 0.085092
3.428659 0.085065
3.430931 0.084952
3.431601 0.084919
3.432327 0.084883
3.433233 0.084839
3.433300 0.084835
3.434453 0.084778
3.435841 0.084710
3.435951 0.084704
3.438180 0.084595
3.438614 0.084573
3.439844 0.084513
3.442576 0.084379
3.443317 0.084342
3.443569 0.084330
3.446406 0.084191
3.448037 0.084112
3.449026 0.084063
3.453403 0.083850
3.454281 0.083808
3.455286 0.083759
3.457122 0.083670
3.459802 0.083541
3.460522 0.083506
3.462688 0.083401
3.463306 0.083372
3.466840 0.083202
3.467896 0.083151
3.469143 0.083091
3.469904 0.083055
3.470747 0.083015
3.470941 0.083005
3.471104 0.082997
3.472085 0.082951
3.474003 0.082859
3.474974 0.082813
3.478649 0.082638
3.478944 0.082624
3.479563 0.082594
3.480878 0.082532
3.480967 0.082528
3.481946 0.082481
3.484015 0.082383
3.484328 0.082369
3.486573 0.082263
3.488824 0.082157
3.492358 0.081990
3.492424 0.081987
3.492981 0.081961
3.493344 0.081944
3.493758 0.081925
3.495191 0.081857
3.496241 0.081808
3.496372 0.081802
3.500044 0.081631
3.500683 0.081601
3.500797 0.081595
3.501795 0.081549
3.502161 0.081532
3.502926 0.081496
3.506134 0.081347
3.506269 0.081341
3.507611 0.081279
3.509409 0.081196
3.509983 0.081169
3.510729 0.081134
3.511544 0.081097
3.512154 0.081069
3.516676 0.080860
3.520866 0.080668
3.523201 0.080561
3.523281 0.080557
3.523329 0.080555
3.524999 0.080479
3.526481 0.080411
3.526874 0.080393
3.527988 0.080343
3.528195 0.080333
3.534342 0.080054
3.535526 0.080000
3.536348 0.079963
3.536642 0.079950
3.539597 0.079816
3.541951 0.079710
3.543438 0.079643
3.544113 0.079613
3.544896 0.079578
3.545015 0.079573
3.545209 0.079564
3.546428 0.079509
3.546866 0.079490
3.548065 0.079436
3.548665 0.079409
3.548818 0.079402
3.549082 0.079390
3.550122 0.079344
3.556784 0.079047
3.557598 0.079011
3.557727 0.079005
3.559454 0.078928
3.561031 0.078858
3.561755 0.078826
3.563673 0.078742
3.564319 0.078713
3.565227 0.078673
3.566779 0.078605
3.567464 0.078574
3.567768 0.078561
3.568491 0.078529
3.569205 0.078498
3.569282 0.078494
3.572237 0.078365
3.572287 0.078362
3.572485 0.078354
3.572819 0.078339
3.572882 0.078336
3.573206 0.078322
3.573492 0.078309
3.576540 0.078176
3.579799 0.078034
3.580927 0.077985
3.581122 0.077976
3.581605 0.077955
3.581681 0.077952
3.582388 0.077921
3.583193 0.077886
3.583396 0.077877
3.584701 0.077821
3.585534 0.077784
3.587920 0.077681
3.590553 0.077567
3.591410 0.077530
3.591905 0.077509
3.592693 0.077475
3.593027 0.077460
3.593149 0.077455
3.593434 0.077443
3.593539 0.077438
3.593650 0.077433
3.594201 0.077410
3.596033 0.077331
3.597046 0.077287
3.598690 0.077217
3.599255 0.077192
3.600295 0.077148
3.600684 0.077131
3.601021 0.077117
3.605495 0.076925
3.605797 0.076913
3.606643 0.076877
3.606873 0.076867
3.608578 0.076794
3.608590 0.076794
3.613159 0.076599
3.613511 0.076585
3.617253 0.076426
3.617319 0.076423
3.618555 0.076371
3.622061 0.076223
3.622738 0.076195
3.627515 0.075994
3.629984 0.075891
3.630648 0.075863
3.633819 0.075731
3.636077 0.075637
3.638740 0.075526
3.639967 0.075475
3.642676 0.075363
3.643681 0.075322
3.645058 0.075265
3.646020 0.075225
3.647444 0.075166
3.647574 0.075161
3.648746 0.075113
3.651026 0.075019
3.651075 0.075017
3.651177 0.075013
3.654631 0.074871
3.659267 0.074681
3.659543 0.074670
3.659814 0.074659
3.661444 0.074593
3.663380 0.074514
3.664573 0.074465
3.665619 0.074423
3.668837 0.074292
3.669990 0.074246
3.673644 0.074098
3.674164 0.074077
3.675446 0.074025
3.679767 0.073852
3.680326 0.073829
3.681972 0.073763
3.684688 0.073654
3.685116 0.073637
3.685325 0.073629
3.685684 0.073615
3.685803 0.073610
3.686336 0.073589
3.686781 0.073571
3.686787 0.073571
3.687730 0.073533
3.688645 0.073496
3.690072 0.073440
3.692319 0.073350
3.695198 0.073236
3.695408 0.073228
3.696868 0.073170
3.697411 0.073148
3.697862 0.073131
3.698620 0.073101
3.701791 0.072975
3.702078 0.072964
3.702212 0.072959
3.702314 0.072955
3.702410 0.072951
3.702581 0.072944
3.708225 0.072722
3.708958 0.072694
3.709512 0.072672
3.709519 0.072672
3.709679 0.072665
3.709754 0.072662
3.710407 0.072637
3.712548 0.072553
3.714634 0.072472
3.717530 0.072359
3.719826 0.072269
3.720335 0.072250
3.721577 0.072201
3.721801 0.072193
3.722322 0.072173
3.723397 0.072131
3.725589 0.072046
3.727155 0.071986
3.734822 0.071690
3.735082 0.071680
3.735744 0.071655
3.744031 0.071338
3.745497 0.071282
3.747713 0.071198
3.748087 0.071184
3.749334 0.071136
3.751134 0.071068
3.755123 0.070917
3.755931 0.070887
3.760365 0.070720
3.760429 0.070717
3.768397 0.070418
3.768870 0.070401
3.769451 0.070379
3.770003 0.070358
3.770816 0.070328
3.773629 0.070223
3.774637 0.070186
3.776517 0.070116
3.779118 0.070019
3.779534 0.070004
3.780805 0.069957
3.780998 0.069950
3.781719 0.069923
3.782970 0.069877
3.785166 0.069796
3.785702 0.069776
3.786065 0.069763
3.788555 0.069671
3.789962 0.069619
3.790206 0.069610
3.792522 0.069525
3.792603 0.069522
3.793814 0.069478
3.797409 0.069347
3.797974 0.069326
3.798354 0.069312
3.804342 0.069094
3.805066 0.069068
3.805547 0.069050
3.805845 0.069040
3.810241 0.068880
3.811234 0.068844
3.817596 0.068615
3.818332 0.068589
3.819192 0.068558
3.820501 0.068511
3.821164 0.068487
3.821443 0.068477
3.822563 0.068437
3.823495 0.068404
3.824199 0.068378
3.826303 0.068303
3.829405 0.068193
3.832262 0.068091
3.834101 0.068026
3.835171 0.067988
3.835706 0.067969
3.838612 0.067866
3.839164 0.067846
3.841186 0.067775
3.843818 0.067682
3.847851 0.067540
3.848059 0.067533
3.848516 0.067517
3.850134 0.067460
3.851070 0.067428
3.852289 0.067385
3.853821 0.067331
3.856494 0.067238
3.857560 0.067201
3.859475 0.067134
3.860031 0.067115
3.860288 0.067106
3.861019 0.067080
3.861906 0.067050
3.864763 0.066951
3.867307 0.066863
3.868166 0.066833
3.868459 0.066823
3.870750 0.066744
3.871354 0.066723
3.875825 0.066569
3.878417 0.066480
3.882396 0.066344
3.883890 0.066293
3.883947 0.066291
3.884463 0.066273
3.885475 0.066239
3.886969 0.066188
3.887604 0.066166
3.888829 0.066125
3.889367 0.066106
3.891086 0.066048
3.892080 0.066014
3.894812 0.065921
3.895310 0.065905
3.895820 0.065887
3.896333 0.065870
3.898346 0.065802
3.905255 0.065569
3.905928 0.065547
3.907233 0.065503
3.908326 0.065466
3.909881 0.065414
3.913290 0.065300
3.918265 0.065135
3.919889 0.065081
3.921877 0.065015
3.924335 0.064933
3.924578 0.064925
3.927433 0.064831
3.928535 0.064795
3.928746 0.064788
3.931108 0.064710
3.931630 0.064693
3.932951 0.064649
3.933894 0.064618
3.933948 0.064616
3.935091 0.064579
3.936236 0.064541
3.936666 0.064527
3.937329 0.064505
3.939923 0.064421
3.941062 0.064383
3.942440 0.064338
3.942908 0.064323
3.943798 0.064294
3.946181 0.064216
3.948240 0.064149
3.950166 0.064087
3.952738 0.064004
3.953396 0.063982
3.955036 0.063929
3.955913 0.063901
3.957893 0.063837
3.960383 0.063757
3.961857 0.063709
3.967449 0.063530
3.968652 0.063491
3.968733 0.063489
3.969024 0.063479
3.969239 0.063472
3.970574 0.063430
3.974179 0.063315
3.976012 0.063256
3.976787 0.063232
3.978940 0.063163
3.980238 0.063122
3.981072 0.063096
3.982968 0.063036
3.983736 0.063011
3.987269 0.062900
3.990528 0.062797
3.991430 0.062769
3.991980 0.062751
3.994884 0.062660
3.995077 0.062654
3.995684 0.062635
3.996076 0.062623
3.996875 0.062598
3.996902 0.062597
3.997859 0.062567
3.999152 0.062527
4.001101 0.062466
4.003854 0.062380
4.004890 0.062347
4.005542 0.062327
4.006009 0.062313
4.006580 0.062295
4.006630 0.062293
4.008580 0.062233
4.010532 0.062172
4.011184 0.062152
4.012279 0.062118
4.012430 0.062113
4.013062 0.062094
4.018508 0.061926
4.021148 0.061844
4.021413 0.061836
4.027266 0.061657
4.028695 0.061613
4.029463 0.061589
4.031001 0.061542
4.033009 0.061481
4.033143 0.061477
4.034456 0.061437
4.037134 0.061356
4.038720 0.061307
4.040213 0.061262
4.041252 0.061231
4.043702 0.061156
4.046854 0.061061
4.051793 0.060912
4.054776 0.060823
4.054843 0.060821
4.058259 0.060718
4.059225 0.060690
4.062150 0.060602
4.063309 0.060568
4.064205 0.060541
4.064673 0.060527
4.067051 0.060456
4.067255 0.060450
4.067337 0.060448
4.068808 0.060404
4.071353 0.060328
4.072167 0.060304
4.072235 0.060302
4.073028 0.060279
4.073950 0.060252
4.074036 0.060249
4.075745 0.060199
4.076181 0.060186
4.077641 0.060143
4.078325 0.060122
4.078713 0.060111
4.079159 0.060098
4.079326 0.060093
4.079519 0.060087
4.079828 0.060078
4.081075 0.060041
4.082089 0.060012
4.083480 0.059971
4.085063 0.059924
4.089274 0.059801
4.092916 0.059695
4.094842 0.059638
4.095135 0.059630
4.097836 0.059551
4.098377 0.059536
4.098612 0.059529
4.098805 0.059523
4.099960 0.059490
4.101082 0.059457
4.101083 0.059457
4.105542 0.059328
4.107464 0.059272
4.107476 0.059272
4.108716 0.059236
4.109307 0.059219
4.110449 0.059186
4.111083 0.059168
4.112788 0.059119
4.113931 0.059086
4.115008 0.059055
4.117773 0.058976
4.117901 0.058972
4.121577 0.058867
4.122945 0.058828
4.123114 0.058823
4.125332 0.058760
4.126390 0.058730
4.127605 0.058695
4.129589 0.058639
4.130986 0.058599
4.140027 0.058344
4.140031 0.058344
4.141190 0.058311
4.142305 0.058280
4.142656 0.058270
4.143022 0.058259
4.147267 0.058140
4.149936 0.058065
4.155402 0.057913
4.157020 0.057868
4.159952 0.057786
4.160562 0.057769
4.161166 0.057752
4.162403 0.057718
4.163452 0.057689
4.163570 0.057686
4.165108 0.057643
4.165364 0.057636
4.166791 0.057597
4.166997 0.057591
4.172439 0.057441
4.173701 0.057406
4.174335 0.057389
4.175603 0.057354
4.175702 0.057351
4.175766 0.057349
4.176044 0.057342
4.176277 0.057335
4.177002 0.057315
4.184426 0.057112
4.186499 0.057056
4.186916 0.057044
4.191047 0.056932
4.192428 0.056894
4.193576 0.056863
4.194248 0.056845
4.194473 0.056839
4.196271 0.056790
4.201044 0.056661
4.204669 0.056564
4.204884 0.056558
4.205448 0.056543
4.205620 0.056538
4.205625 0.056538
4.208735 0.056454
4.208916 0.056449
4.209573 0.056432
4.210967 0.056394
4.212304 0.056359
4.212588 0.056351
4.212905 0.056343
4.214136 0.056310
4.215495 0.056273
4.218378 0.056196
4.220853 0.056131
4.221021 0.056126
4.222169 0.056096
4.223219 0.056068
4.224283 0.056039
4.224482 0.056034
4.224745 0.056027
4.224927 0.056022
4.226976 0.055968
4.230071 0.055886
4.230264 0.055881
4.230756 0.055868
4.231361 0.055852
4.231993 0.055835
4.232479 0.055823
4.234765 0.055762
4.236030 0.055729
4.237332 0.055695
4.243045 0.055545
4.245216 0.055488
4.247412 0.055431
4.247730 0.055423
4.255225 0.055227
4.255375 0.055224
4.259252 0.055123
4.261355 0.055069
4.264300 0.054993
4.267208 0.054918
4.269459 0.054860
4.269955 0.054847
4.272923 0.054771
4.273040 0.054768
4.273796 0.054749
4.275407 0.054707
4.275925 0.054694
4.277175 0.054662
4.278100 0.054638
4.278256 0.054634
4.279691 0.054598
4.280441 0.054579
4.281147 0.054561
4.281563 0.054550
4.281885 0.054542
4.282317 0.054531
4.283482 0.054501
4.284613 0.054472
4.285910 0.054439
4.286423 0.054426
4.288668 0.054369
4.290076 0.054334
4.290954 0.054312
4.291145 0.054307
4.294054 0.054233
4.295033 0.054208
4.295476 0.054197
4.295843 0.054188
4.297214 0.054153
4.297333 0.054150
4.298941 0.054110
4.301508 0.054045
4.302097 0.054031
4.306297 0.053925
4.306408 0.053922
4.306716 0.053915
4.307873 0.053886
4.308116 0.053880
4.308172 0.053878
4.308447 0.053871
4.311783 0.053788
4.312406 0.053773
4.312588 0.053768
4.317002 0.053658
4.317115 0.053655
4.317190 0.053653
4.317952 0.053635
4.319008 0.053608
4.319164 0.053604
4.322290 0.053527
4.322356 0.053525
4.323166 0.053505
4.327432 0.053400
4.327746 0.053392
4.329662 0.053345
4.330369 0.053327
4.331660 0.053296
4.335114 0.053211
4.338935 0.053117
4.339886 0.053094
4.341312 0.053059
4.341370 0.053057
4.341733 0.053049
4.342673 0.053026
4.348752 0.052877
4.350313 0.052840
4.351420 0.052813
4.351584 0.052809
4.352567 0.052785
4.352821 0.052779
4.353005 0.052774
4.353103 0.052772
4.354272 0.052743
4.356127 0.052699
4.357338 0.052669
4.358327 0.052645
4.358756 0.052635
4.359499 0.052617
4.361685 0.052564
4.362100 0.052554
4.362571 0.052543
4.366287 0.052454
4.366358 0.052452
4.366606 0.052446
4.368204 0.052408
4.370084 0.052362
4.370123 0.052362
4.370222 0.052359
4.372132 0.052313
4.376035 0.052220
4.377145 0.052194
4.377438 0.052187
4.378415 0.052163
4.380318 0.052118
4.381698 0.052085
4.384327 0.052023
4.384705 0.052014
4.385349 0.051999
4.386669 0.051967
4.387056 0.051958
4.390153 0.051885
4.390970 0.051866
4.391921 0.051843
4.392661 0.051826
4.393039 0.051817
4.393142 0.051814
4.395003 0.051770
4.395959 0.051748
4.396878 0.051726
4.398501 0.051688
4.399053 0.051675
4.402148 0.051603
4.402254 0.051600
4.404968 0.051536
4.405517 0.051524
4.406372 0.051504
4.409760 0.051425
4.411536 0.051383
4.414516 0.051314
4.414861 0.051306
4.417056 0.051255
4.417612 0.051242
4.417712 0.051240
4.421291 0.051157
4.424742 0.051077
4.427331 0.051017
4.427508 0.051013
4.428900 0.050981
4.429208 0.050974
4.434184 0.050860
4.434716 0.050847
4.434953 0.050842
4.436187 0.050814
4.438195 0.050768
4.439729 0.050733
4.439844 0.050730
4.441546 0.050691
4.442183 0.050677
4.442286 0.050674
4.444298 0.050628
4.444509 0.050624
4.445341 0.050605
4.448835 0.050525
4.449423 0.050512
4.450145 0.050495
4.452481 0.050442
4.453260 0.050425
4.455129 0.050382
4.458339 0.050310
4.459294 0.050288
4.460148 0.050269
4.461072 0.050248
4.462062 0.050226
4.462627 0.050213
4.464193 0.050178
4.464770 0.050165
4.466125 0.050135
4.467395 0.050106
4.467914 0.050095
4.468096 0.050090
4.469362 0.050062
4.469895 0.050050
4.471787 0.050008
4.474390 0.049950
4.477643 0.049877
4.479724 0.049831
4.482835 0.049762
4.483771 0.049741
4.484916 0.049715
4.485076 0.049712
4.485135 0.049711
4.485635 0.049700
4.486807 0.049674
4.489742 0.049609
4.491322 0.049574
4.492494 0.049548
4.493469 0.049526
4.494472 0.049504
4.496327 0.049463
4.497861 0.049430
4.499641 0.049391
4.502443 0.049329
4.504120 0.049292
4.506442 0.049242
4.508123 0.049205
4.509376 0.049178
4.510606 0.049151
4.512586 0.049108
4.514878 0.049058
4.516117 0.049031
4.516984 0.049012
4.517221 0.049007
4.517690 0.048997
4.517823 0.048994
4.518342 0.048983
4.521479 0.048915
4.522456 0.048894
4.522668 0.048889
4.524897 0.048841
4.525637 0.048825
4.525737 0.048823
4.533644 0.048652
4.533657 0.048652
4.533913 0.048647
4.534232 0.048640
4.534632 0.048631
4.539324 0.048531
4.539612 0.048525
4.540479 0.048506
4.544192 0.048427
4.546147 0.048385
4.546760 0.048372
4.547761 0.048351
4.548653 0.048332
4.549964 0.048304
4.550674 0.048289
4.550745 0.048288
4.551451 0.048273
4.554990 0.048198
4.555524 0.048186
4.555641 0.048184
4.556474 0.048166
4.558225 0.048129
4.567200 0.047940
4.568623 0.047910
4.570219 0.047877
4.570735 0.047866
4.571516 0.047850
4.571746 0.047845
4.579142 0.047690
4.579409 0.047685
4.579668 0.047680
4.580482 0.047663
4.581863 0.047634
4.583213 0.047606
4.584859 0.047572
4.585534 0.047558
4.586204 0.047544
4.587600 0.047515
4.588217 0.047502
4.589497 0.047476
4.591787 0.047428
4.591990 0.047424
4.593086 0.047401
4.594192 0.047379
4.594600 0.047370
4.594887 0.047364
4.595979 0.047342
4.598485 0.047290
4.599475 0.047270
4.599694 0.047265
4.600643 0.047246
4.601495 0.047228
4.602105 0.047216
4.602537 0.047207
4.605866 0.047139
4.606369 0.047128
4.607631 0.047103
4.609700 0.047060
4.610149 0.047051
4.611447 0.047025
4.612062 0.047012
4.612224 0.047009
4.613450 0.046984
4.614945 0.046953
4.617326 0.046905
4.617635 0.046899
4.620678 0.046837
4.622590 0.046798
4.628197 0.046685
4.629471 0.046659
4.633669 0.046575
4.634988 0.046548
4.636628 0.046515
4.636956 0.046509
4.638182 0.046484
4.638732 0.046473
4.639729 0.046453
4.640878 0.046430
4.641100 0.046426
4.643592 0.046376
4.645536 0.046337
4.646917 0.046310
4.650209 0.046244
4.651681 0.046215
4.651772 0.046213
4.653036 0.046188
4.654510 0.046159
4.654637 0.046156
4.656505 0.046119
4.656810 0.046113
4.657640 0.046097
4.657747 0.046094
4.657917 0.046091
4.659814 0.046054
4.664657 0.045958
4.666897 0.045914
4.667587 0.045900
4.670954 0.045834
4.671574 0.045822
4.672528 0.045803
4.672932 0.045795
4.673222 0.045790
4.677194 0.045712
4.678032 0.045696
4.678121 0.045694
4.678135 0.045694
4.678443 0.045687
4.678924 0.045678
4.681969 0.045619
4.682829 0.045602
4.683167 0.045595
4.683437 0.045590
4.683863 0.045582
4.686402 0.045532
4.689076 0.045481
4.690973 0.045444
4.692930 0.045406
4.692934 0.045406
4.694104 0.045383
4.694357 0.045378
4.696123 0.045344
4.696281 0.045341
4.699500 0.045279
4.700318 0.045263
4.703586 0.045200
4.704339 0.045186
4.704665 0.045180
4.704686 0.045179
4.705450 0.045165
4.706061 0.045153
4.706928 0.045136
4.709738 0.045082
4.709764 0.045082
4.711146 0.045055
4.712445 0.045031
4.712984 0.045020
4.714870 0.044984
4.716070 0.044961
4.716608 0.044951
4.716657 0.044950
4.716786 0.044948
4.718020 0.044924
4.719620 0.044894
4.723521 0.044820
4.723795 0.044814
4.724577 0.044800
4.726815 0.044757
4.730716 0.044683
4.732751 0.044645
4.735537 0.044592
4.737963 0.044547
4.738770 0.044532
4.739700 0.044514
4.742721 0.044457
4.742985 0.044453
4.744130 0.044431
4.744187 0.044430
4.744419 0.044426
4.745751 0.044401
4.746353 0.044389
4.746861 0.044380
4.753413 0.044258
4.754292 0.044241
4.754293 0.044241
4.755715 0.044215
4.755967 0.044210
4.758602 0.044161
4.760166 0.044132
4.760273 0.044130
4.761113 0.044115
4.762111 0.044096
4.763792 0.044065
4.769363 0.043962
4.772932 0.043896
4.772961 0.043896
4.773831 0.043880
4.775387 0.043851
4.779534 0.043775
4.782070 0.043729
4.782820 0.043715
4.783070 0.043711
4.785888 0.043659
4.788043 0.043620
4.790492 0.043575
4.790630 0.043573
4.790921 0.043567
4.795861 0.043478
4.796046 0.043474
4.796869 0.043459
4.797230 0.043453
4.797972 0.043439
4.799929 0.043404
4.800060 0.043402
4.800250 0.043398
4.800891 0.043387
4.801261 0.043380
4.802270 0.043362
4.803176 0.043345
4.803315 0.043343
4.804670 0.043318
4.805264 0.043308
4.805537 0.043303
4.805628 0.043301
4.809417 0.043233
4.809701 0.043228
4.811426 0.043197
4.812418 0.043179
4.814153 0.043148
4.819839 0.043046
4.820067 0.043042
4.823098 0.042988
4.823427 0.042982
4.823690 0.042978
4.823737 0.042977
4.823955 0.042973
4.824304 0.042967
4.824627 0.042961
4.825041 0.042953
4.825423 0.042947
4.827286 0.042914
4.828605 0.042890
4.829055 0.042882
4.829918 0.042867
4.834526 0.042785
4.835143 0.042774
4.836378 0.042752
4.837839 0.042726
4.837928 0.042725
4.839252 0.042702
4.841184 0.042667
4.841450 0.042663
4.842524 0.042644
4.845711 0.042588
4.845774 0.042587
4.850226 0.042509
4.850308 0.042507
4.850368 0.042506
4.852238 0.042473
4.854712 0.042430
4.859488 0.042347
4.863636 0.042274
4.864457 0.042260
4.865633 0.042240
4.866236 0.042229
4.866285 0.042228
4.869346 0.042175
4.870146 0.042162
4.870180 0.042161
4.871402 0.042140
4.873903 0.042097
4.875131 0.042075
4.875216 0.042074
4.878154 0.042023
4.880965 0.041975
4.881313 0.041969
4.885279 0.041901
4.887710 0.041859
4.888036 0.041853
4.889187 0.041834
4.889491 0.041829
4.891420 0.041796
4.891850 0.041788
4.893399 0.041762
4.894401 0.041745
4.895367 0.041728
4.896162 0.041715
4.897028 0.041700
4.900650 0.041638
4.902017 0.041615
4.902187 0.041612
4.902744 0.041603
4.904147 0.041579
4.905314 0.041559
4.905552 0.041555
4.906116 0.041546
4.910254 0.041476
4.911721 0.041451
4.912010 0.041446
4.913852 0.041415
4.914154 0.041410
4.914464 0.041405
4.914718 0.041400
4.914932 0.041397
4.917592 0.041352
4.917965 0.041346
4.919562 0.041319
4.921530 0.041286
4.923290 0.041256
4.924380 0.041238
4.932498 0.041102
4.933143 0.041092
4.934895 0.041062
4.937472 0.041020
4.938975 0.040995
4.942851 0.040930
4.944646 0.040901
4.946148 0.040876
4.946152 0.040876
4.946544 0.040869
4.948403 0.040839
4.949321 0.040823
4.949634 0.040818
4.950768 0.040799
4.952015 0.040779
4.957897 0.040682
4.959196 0.040661
4.959554 0.040655
4.960015 0.040648
4.961507 0.040623
4.964070 0.040581
4.966416 0.040543
4.967924 0.040518
4.968093 0.040515
4.970247 0.040480
4.970496 0.040476
4.971248 0.040464
4.974433 0.040412
4.977220 0.040367
4.979789 0.040325
4.983901 0.040259
4.985856 0.040227
4.986094 0.040223
4.988042 0.040192
4.989654 0.040166
4.991080 0.040143
4.994011 0.040096
4.995332 0.040075
4.996772 0.040052
5.000935 0.039985
5.005799 0.039907
5.006235 0.039900
5.007014 0.039888
5.007300 0.039883
5.011368 0.039819
5.011482 0.039817
5.019426 0.039691
5.021163 0.039664
5.021481 0.039659
5.021615 0.039656
5.023088 0.039633
5.029078 0.039539
5.031524 0.039500
5.032938 0.039478
5.034796 0.039449
5.036085 0.039429
5.036505 0.039422
5.036648 0.039420
5.038440 0.039392
5.040483 0.039360
5.040907 0.039353
5.041913 0.039338
5.044953 0.039290
5.048571 0.039234
5.052853 0.039168
5.053206 0.039162
5.053860 0.039152
5.055680 0.039124
5.058898 0.039074
5.060096 0.039056
5.061502 0.039034
5.061646 0.039032
5.063420 0.039004
5.064180 0.038993
5.064837 0.038982
5.066126 0.038963
5.066197 0.038962
5.066719 0.038953
5.069467 0.038911
5.069805 0.038906
5.069969 0.038904
5.071841 0.038875
5.072344 0.038867
5.072643 0.038863
5.073446 0.038850
5.074973 0.038827
5.077901 0.038782
5.078955 0.038766
5.079090 0.038764
5.079467 0.038758
5.081992 0.038720
5.082745 0.038708
5.084128 0.038687
5.086188 0.038656
5.087505 0.038636
5.091177 0.038580
5.092760 0.038556
5.093504 0.038545
5.095994 0.038507
5.098904 0.038463
5.102431 0.038410
5.102490 0.038409
5.102596 0.038408
5.104820 0.038374
5.107006 0.038341
5.109081 0.038310
5.114173 0.038234
5.114903 0.038223
5.117249 0.038188
5.118077 0.038176
5.118500 0.038169
5.119531 0.038154
5.119863 0.038149
5.120988 0.038132
5.121512 0.038124
5.122571 0.038109
5.122986 0.038103
5.126034 0.038057
5.127296 0.038038
5.128885 0.038015
5.129778 0.038002
5.130130 0.037996
5.131387 0.037978
5.131635 0.037974
5.133309 0.037949
5.134817 0.037927
5.136453 0.037903
5.137938 0.037881
5.138013 0.037880
5.138540 0.037872
5.138740 0.037869
5.139293 0.037861
5.140194 0.037848
5.140455 0.037844
5.141670 0.037826
5.143007 0.037806
5.147347 0.037743
5.147591 0.037739
5.148962 0.037719
5.151925 0.037676
5.152430 0.037668
5.157217 0.037598
5.157522 0.037594
5.158282 0.037583
5.159720 0.037562
5.161364 0.037538
5.161965 0.037529
5.165450 0.037479
5.166237 0.037467
5.166896 0.037458
5.170744 0.037402
5.171558 0.037390
5.172146 0.037382
5.173663 0.037360
5.174545 0.037347
5.175171 0.037338
5.179290 0.037279
5.180818 0.037257
5.185282 0.037192
5.192297 0.037092
5.194362 0.037063
5.197103 0.037023
5.198033 0.037010
5.198688 0.037001
5.199255 0.036993
5.199732 0.036986
5.200088 0.036981
5.205135 0.036909
5.205549 0.036903
5.207117 0.036881
5.207674 0.036873
5.207921 0.036870
5.208242 0.036865
5.208275 0.036865
5.208566 0.036861
5.211539 0.036819
5.214010 0.036784
5.214376 0.036779
5.217851 0.036730
5.217980 0.036728
5.218799 0.036716
5.219274 0.036710
5.219417 0.036708
5.219776 0.036703
5.220347 0.036695
5.220482 0.036693
5.220637 0.036690
5.222128 0.036670
5.223955 0.036644
5.223982 0.036643
5.224112 0.036642
5.224316 0.036639
5.225800 0.036618
5.225924 0.036616
5.226395 0.036610
5.228339 0.036582
5.230705 0.036549
5.233304 0.036513
5.236950 0.036462
5.237072 0.036461
5.238588 0.036439
5.238899 0.036435
5.240154 0.036418
5.240170 0.036417
5.246845 0.036325
5.248353 0.036304
5.249881 0.036283
5.250746 0.036271
5.252337 0.036249
5.253009 0.036240
5.253843 0.036228
5.253975 0.036226
5.255330 0.036208
5.260152 0.036141
5.261062 0.036129
5.261483 0.036123
5.263335 0.036098
5.264135 0.036087
5.272037 0.035979
5.272466 0.035973
5.275289 0.035934
5.275658 0.035929
5.275940 0.035925
5.276517 0.035917
5.276845 0.035913
5.276881 0.035912
5.277391 0.035906
5.279954 0.035871
5.282567 0.035835
5.282579 0.035835
5.285174 0.035800
5.287217 0.035772
5.288878 0.035750
5.290534 0.035727
5.290752 0.035724
5.295423 0.035661
5.296097 0.035652
5.297518 0.035633
5.298359 0.035622
5.300284 0.035596
5.301331 0.035582
5.303756 0.035549
5.306323 0.035515
5.306869 0.035508
5.309643 0.035471
5.310307 0.035462
5.310802 0.035455
5.311439 0.035447
5.311695 0.035443
5.313388 0.035421
5.313737 0.035416
5.321735 0.035310
5.321927 0.035307
5.322271 0.035303
5.325583 0.035259
5.325822 0.035255
5.325878 0.035255
5.326073 0.035252
5.327491 0.035233
5.330161 0.035198
5.330730 0.035191
5.332498 0.035167
5.335088 0.035133
5.335197 0.035132
5.337588 0.035100
5.338970 0.035082
5.340987 0.035056
5.341492 0.035049
5.341501 0.035049
5.341551 0.035048
5.341875 0.035044
5.342513 0.035036
5.343085 0.035028
5.348470 0.034958
5.349488 0.034944
5.350365 0.034933
5.351406 0.034919
5.351822 0.034914
5.352484 0.034905
5.353020 0.034898
5.353133 0.034897
5.353494 0.034892
5.356486 0.034853
5.359747 0.034811
5.359768 0.034810
5.362789 0.034771
5.362865 0.034770
5.363466 0.034762
5.364161 0.034753
5.364465 0.034749
5.365998 0.034730
5.367761 0.034707
5.369648 0.034682
5.369746 0.034681
5.369755 0.034681
5.371505 0.034658
5.372768 0.034642
5.374051 0.034626
5.374492 0.034620
5.375147 0.034611
5.375475 0.034607
5.376788 0.034590
5.378919 0.034563
5.379723 0.034553
5.382249 0.034520
5.385521 0.034478
5.385784 0.034475
5.388691 0.034438
5.389117 0.034432
5.389223 0.034431
5.390359 0.034416
5.390403 0.034416
5.390610 0.034413
5.391544 0.034401
5.395786 0.034347
5.396340 0.034340
5.400226 0.034291
5.400324 0.034289
5.402312 0.034264
5.407949 0.034193
5.408519 0.034186
5.409011 0.034179
5.409569 0.034172
5.409627 0.034172
5.410676 0.034158
5.410914 0.034155
5.411605 0.034147
5.412757 0.034132
5.415424 0.034098
5.418151 0.034064
5.419299 0.034050
5.419393 0.034049
5.420722 0.034032
5.422839 0.034005
5.426175 0.033963
5.428053 0.033940
5.431977 0.033891
5.432020 0.033890
5.432786 0.033881
5.436427 0.033836
5.436630 0.033833
5.438921 0.033805
5.439088 0.033802
5.440022 0.033791
5.440032 0.033791
5.440079 0.033790
5.440476 0.033785
5.440605 0.033784
5.440867 0.033780
5.441661 0.033770
5.442037 0.033766
5.442789 0.033756
5.443744 0.033745
5.444488 0.033735
5.445704 0.033720
5.446510 0.033710
5.447079 0.033703
5.448253 0.033689
5.449163 0.033678
5.450597 0.033660
5.452019 0.033642
5.452389 0.033638
5.452953 0.033631
5.454469 0.033612
5.454915 0.033607
5.455156 0.033604
5.455812 0.033596
5.456531 0.033587
5.457289 0.033577
5.459249 0.033553
5.459591 0.033549
5.460112 0.033543
5.461373 0.033527
5.463107 0.033506
5.470796 0.033412
5.471123 0.033408
5.472038 0.033397
5.472138 0.033395
5.473100 0.033384
5.473765 0.033375
5.475547 0.033354
5.480405 0.033295
5.482470 0.033270
5.488932 0.033191
5.488938 0.033191
5.489304 0.033187
5.491567 0.033159
5.492460 0.033149
5.493473 0.033136
5.493829 0.033132
5.495616 0.033111
5.495974 0.033106
5.496714 0.033097
5.497974 0.033082
5.498195 0.033080
5.499611 0.033063
5.500794 0.033048
5.501893 0.033035
5.503137 0.033020
5.504760 0.033001
5.509201 0.032948
5.510461 0.032932
5.512494 0.032908
5.514520 0.032884
5.514830 0.032880
5.515319 0.032874
5.516063 0.032866
5.517830 0.032845
5.518123 0.032841
5.520428 0.032814
5.520595 0.032812
5.525795 0.032750
5.526074 0.032747
5.527114 0.032734
5.528314 0.032720
5.530553 0.032694
5.531532 0.032682
5.532428 0.032671
5.532983 0.032665
5.533531 0.032658
5.536372 0.032625
5.537883 0.032607
5.538385 0.032601
5.538656 0.032598
5.538663 0.032598
5.538951 0.032595
5.539152 0.032592
5.541470 0.032565
5.541923 0.032560
5.542177 0.032557
5.542782 0.032550
5.545822 0.032514
5.545933 0.032513
5.548902 0.032478
5.549492 0.032471
5.551446 0.032448
5.553478 0.032424
5.554165 0.032416
5.555720 0.032398
5.555923 0.032396
5.557088 0.032382
5.557723 0.032375
5.558160 0.032370
5.558344 0.032367
5.559376 0.032355
5.560925 0.032337
5.566264 0.032275
5.566528 0.032272
5.567283 0.032264
5.568105 0.032254
5.568658 0.032248
5.570462 0.032227
5.570819 0.032223
5.572532 0.032203
5.576403 0.032158
5.576434 0.032158
5.579709 0.032120
5.582736 0.032085
5.584721 0.032062
5.584889 0.032061
5.588225 0.032022
5.588321 0.032021
5.588647 0.032017
5.588734 0.032016
5.588839 0.032015
5.588966 0.032014
5.591607 0.031984
5.592537 0.031973
5.595639 0.031937
5.596082 0.031932
5.599760 0.031890
5.600852 0.031878
5.601713 0.031868
5.602464 0.031860
5.602484 0.031859
5.603039 0.031853
5.606929 0.031809
5.607165 0.031806
5.609831 0.031776
5.611990 0.031752
5.614887 0.031719
5.617574 0.031689
5.620500 0.031656
5.622672 0.031631
5.623788 0.031619
5.623913 0.031617
5.625115 0.031604
5.627432 0.031578
5.627770 0.031574
5.628333 0.031568
5.628792 0.031562
5.629438 0.031555
5.630915 0.031539
5.631725 0.031530
5.632085 0.031525
5.634527 0.031498
5.636671 0.031474
5.638218 0.031457
5.638943 0.031449
5.638974 0.031448
5.642243 0.031412
5.642331 0.031411
5.646166 0.031368
5.646732 0.031362
5.647958 0.031349
5.648911 0.031338
5.649416 0.031332
5.649880 0.031327
5.650668 0.031318
5.651797 0.031306
5.652437 0.031299
5.652469 0.031299
5.654185 0.031280
5.657371 0.031244
5.658747 0.031229
5.661846 0.031195
5.662264 0.031190
5.663039 0.031182
5.665229 0.031158
5.665396 0.031156
5.665622 0.031153
5.668608 0.031121
5.668680 0.031120
5.670360 0.031101
5.671076 0.031093
5.672332 0.031080
5.672499 0.031078
5.673676 0.031065
5.675301 0.031047
5.679544 0.031001
5.681099 0.030984
5.681304 0.030982
5.681500 0.030979
5.682567 0.030968
5.683070 0.030962
5.684251 0.030949
5.684841 0.030943
5.686597 0.030924
5.688006 0.030909
5.691535 0.030870
5.695257 0.030830
5.699311 0.030786
5.699882 0.030780
5.700809 0.030770
5.705507 0.030719
5.707101 0.030702
5.707389 0.030699
5.708963 0.030682
5.712105 0.030648
5.713603 0.030632
5.714561 0.030622
5.715349 0.030614
5.718399 0.030581
5.721303 0.030550
5.721760 0.030545
5.722048 0.030542
5.722931 0.030533
5.727303 0.030486
5.729874 0.030459
5.732393 0.030432
5.732661 0.030429
5.735834 0.030395
5.735950 0.030394
5.736090 0.030393
5.738332 0.030369
5.740411 0.030347
5.740932 0.030341
5.744432 0.030304
5.748098 0.030266
5.749753 0.030248
5.751012 0.030235
5.751234 0.030233
5.754089 0.030203
5.755127 0.030192
5.755590 0.030187
5.758996 0.030151
5.759633 0.030145
5.760988 0.030130
5.761339 0.030127
5.762576 0.030114
5.763935 0.030100
5.764217 0.030097
5.764467 0.030094
5.765542 0.030083
5.768889 0.030048
5.770777 0.030028
5.771123 0.030025
5.771174 0.030024
5.773199 0.030003
5.773469 0.030000
5.773592 0.029999
5.774536 0.029989
5.774733 0.029987
5.776186 0.029972
5.776712 0.029967
5.777184 0.029962
5.778574 0.029947
5.779182 0.029941
5.780333 0.029929
5.781907 0.029913
5.782871 0.029903
5.783522 0.029896
5.784415 0.029887
5.784465 0.029886
5.785283 0.029878
5.789114 0.029838
5.790241 0.029827
5.791999 0.029809
5.792475 0.029804
5.796706 0.029760
5.798551 0.029741
5.800873 0.029718
5.802021 0.029706
5.802877 0.029697
5.805064 0.029675
5.807114 0.029654
5.807223 0.029653
5.810586 0.029618
5.812623 0.029598
5.812695 0.029597
5.812924 0.029594
5.813763 0.029586
5.815706 0.029566
5.816651 0.029557
5.818224 0.029541
5.818720 0.029536
5.818859 0.029534
5.819456 0.029528
5.820249 0.029520
5.820512 0.029517
5.823646 0.029486
5.825899 0.029463
5.826665 0.029455
5.830970 0.029412
5.832945 0.029392
5.837186 0.029349
5.838464 0.029336
5.838986 0.029331
5.840760 0.029313
5.841996 0.029301
5.845491 0.029266
5.846410 0.029256
5.849284 0.029228
5.850736 0.029213
5.851274 0.029208
5.851798 0.029203
5.851928 0.029201
5.855328 0.029167
5.855414 0.029167
5.858648 0.029134
5.863170 0.029089
5.864270 0.029079
5.866245 0.029059
5.867833 0.029043
5.869014 0.029032
5.869191 0.029030
5.873931 0.028983
5.875070 0.028972
5.875258 0.028970
5.875797 0.028965
5.876946 0.028953
5.880214 0.028921
5.880551 0.028918
5.881926 0.028904
5.881984 0.028904
5.882084 0.028903
5.884340 0.028880
5.885637 0.028868
5.889484 0.028830
5.890503 0.028820
5.892473 0.028801
5.893004 0.028796
5.893668 0.028789
5.894146 0.028784
5.897599 0.028751
5.900411 0.028723
5.901641 0.028711
5.902269 0.028705
5.905328 0.028676
5.905500 0.028674
5.907156 0.028658
5.914217 0.028589
5.916144 0.028571
5.917102 0.028562
5.917265 0.028560
5.919380 0.028540
5.920111 0.028533
5.923205 0.028503
5.923338 0.028501
5.924419 0.028491
5.924759 0.028488
5.925220 0.028483
5.926065 0.028475
5.927872 0.028458
5.931341 0.028425
5.931609 0.028422
5.933096 0.028408
5.934399 0.028395
5.934779 0.028392
5.934839 0.028391
5.935571 0.028384
5.935987 0.028380
5.936376 0.028376
5.937217 0.028368
5.941546 0.028327
5.941589 0.028327
5.944047 0.028303
5.945823 0.028286
5.946823 0.028277
5.948382 0.028262
5.950796 0.028239
5.950954 0.028238
5.951260 0.028235
5.951267 0.028235
5.951330 0.028234
5.952235 0.028225
5.954678 0.028202
5.956985 0.028180
5.957243 0.028178
5.957325 0.028177
5.961598 0.028137
5.961895 0.028134
5.962938 0.028124
5.969839 0.028059
5.969885 0.028059
5.971726 0.028041
5.971797 0.028041
5.973023 0.028029
5.973526 0.028025
5.973751 0.028022
5.976564 0.027996
5.977425 0.027988
5.977462 0.027988
5.979099 0.027972
5.981244 0.027952
5.981551 0.027949
5.982302 0.027942
5.985998 0.027908
5.986764 0.027901
5.989402 0.027876
5.989991 0.027871
5.990012 0.027870
5.992055 0.027851
5.995789 0.027817
5.996450 0.027811
6.000134 0.027777
6.002029 0.027759
6.006049 0.027722
6.011502 0.027672
6.012657 0.027661
6.014038 0.027648
6.017219 0.027619
6.017923 0.027613
6.022559 0.027570
6.022691 0.027569
6.022950 0.027566
6.027231 0.027527
6.027882 0.027521
6.029389 0.027508
6.029760 0.027504
6.030115 0.027501
6.030489 0.027498
6.031700 0.027487
6.034290 0.027463
6.034562 0.027461
6.034689 0.027459
6.035373 0.027453
6.036934 0.027439
6.037965 0.027430
6.038068 0.027429
6.042277 0.027390
6.043730 0.027377
6.043979 0.027375
6.044250 0.027373
6.045007 0.027366
6.049114 0.027329
6.049497 0.027325
6.050464 0.027316
6.051072 0.027311
6.051075 0.027311
6.051819 0.027304
6.052116 0.027301
6.054727 0.027278
6.056021 0.027266
6.057550 0.027252
6.058057 0.027248
6.058480 0.027244
6.059537 0.027235
6.059769 0.027233
6.060024 0.027230
6.060382 0.027227
6.061170 0.027220
6.061677 0.027215
6.063787 0.027196
6.066733 0.027170
6.067289 0.027165
6.072428 0.027119
6.072905 0.027115
6.073205 0.027112
6.073658 0.027108
6.076581 0.027082
6.077354 0.027075
6.079350 0.027057
6.080375 0.027048
6.081554 0.027038
6.083031 0.027025
6.083938 0.027017
6.084731 0.027010
6.085102 0.027006
6.085474 0.027003
6.086432 0.026994
6.086703 0.026992
6.088152 0.026979
6.088536 0.026976
6.089929 0.026963
6.090070 0.026962
6.091173 0.026952
6.091749 0.026947
6.095183 0.026917
6.096835 0.026902
6.098918 0.026884
6.099666 0.026877
6.100430 0.026871
6.100858 0.026867
6.101032 0.026865
6.102804 0.026850
6.106251 0.026820
6.107394 0.026809
6.110667 0.026781
6.112559 0.026764
6.115596 0.026738
6.118365 0.026713
6.120018 0.026699
6.120136 0.026698
6.121271 0.026688
6.123489 0.026669
6.126447 0.026643
6.127007 0.026638
6.128664 0.026624
6.129045 0.026620
6.129462 0.026617
6.131892 0.026596
6.133368 0.026583
6.134449 0.026574
6.136348 0.026557
6.136849 0.026553
6.136854 0.026553
6.138342 0.026540
6.141017 0.026517
6.141113 0.026516
6.141113 0.026516
6.141381 0.026514
6.144638 0.026485
6.145356 0.026479
6.146772 0.026467
6.147327 0.026462
6.147550 0.026460
6.150112 0.026438
6.152526 0.026418
6.153967 0.026405
6.154657 0.026399
6.155486 0.026392
6.156386 0.026384
6.156770 0.026381
6.157190 0.026378
6.157872 0.026372
6.158494 0.026366
6.159153 0.026361
6.161398 0.026342
6.164333 0.026316
6.165693 0.026305
6.166894 0.026295
6.168053 0.026285
6.173480 0.026239
6.173761 0.026236
6.174902 0.026226
6.174962 0.026226
6.176001 0.026217
6.176072 0.026217
6.176652 0.026212
6.176917 0.026209
6.179310 0.026189
6.179861 0.026184
6.182718 0.026160
6.183050 0.026157
6.184089 0.026149
6.187324 0.026121
6.188867 0.026108
6.189052 0.026107
6.190312 0.026096
6.191357 0.026087
6.194348 0.026062
6.197280 0.026037
6.198376 0.026028
6.199277 0.026021
6.201336 0.026003
6.201801 0.025999
6.203691 0.025984
6.205543 0.025968
6.209595 0.025934
6.211280 0.025920
6.212255 0.025912
6.213801 0.025899
6.217240 0.025870
6.218148 0.025863
6.218303 0.025862
6.219219 0.025854
6.220455 0.025844
6.221581 0.025834
6.223899 0.025815
6.225764 0.025800
6.225780 0.025800
6.232869 0.025741
6.235948 0.025716
6.238731 0.025693
6.240178 0.025681
6.241227 0.025672
6.246249 0.025631
6.247094 0.025624
6.247432 0.025621
6.247994 0.025616
6.249158 0.025607
6.252017 0.025583
6.252985 0.025576
6.253238 0.025573
6.254550 0.025563
6.255572 0.025554
6.257628 0.025538
6.257826 0.025536
6.258032 0.025534
6.258222 0.025533
6.260497 0.025514
6.261520 0.025506
6.265791 0.025471
6.268790 0.025447
6.270214 0.025435
6.270743 0.025431
6.273098 0.025412
6.273647 0.025407
6.275411 0.025393
6.275925 0.025389
6.276285 0.025386
6.276554 0.025384
6.279485 0.025360
6.280791 0.025350
6.280906 0.025349
6.284688 0.025318
6.285398 0.025312
6.291759 0.025261
6.291771 0.025261
6.295197 0.025234
6.296811 0.025221
6.297563 0.025215
6.297803 0.025213
6.298553 0.025207
6.301808 0.025181
6.303070 0.025171
6.304921 0.025156
6.305457 0.025152
6.307463 0.025136
6.307464 0.025136
6.308315 0.025129
6.308475 0.025128
6.308699 0.025126
6.309452 0.025120
6.309734 0.025118
6.309746 0.025117
6.311914 0.025100
6.312211 0.025098
6.312232 0.025098
6.316741 0.025062
6.319127 0.025043
6.319680 0.025039
6.319907 0.025037
6.320008 0.025036
6.320809 0.025030
6.322088 0.025020
6.325312 0.024994
6.326859 0.024982
6.331548 0.024945
6.332847 0.024935
6.333828 0.024927
6.333850 0.024927
6.335951 0.024910
6.336748 0.024904
6.337921 0.024895
6.340577 0.024874
6.344144 0.024846
6.346350 0.024829
6.346514 0.024827
6.349694 0.024802
6.349938 0.024801
6.350446 0.024797
6.351338 0.024790
6.351800 0.024786
6.352853 0.024778
6.353330 0.024774
6.353997 0.024769
6.354182 0.024767
6.354792 0.024763
6.356261 0.024751
6.361733 0.024709
6.361933 0.024707
6.362505 0.024703
6.362566 0.024702
6.365677 0.024678
6.365877 0.024676
6.367250 0.024666
6.368041 0.024660
6.368379 0.024657
6.371242 0.024635
6.371605 0.024632
6.371765 0.024631
6.374814 0.024607
6.378960 0.024575
6.379026 0.024575
6.385340 0.024526
6.386137 0.024520
6.388508 0.024502
6.389598 0.024494
6.390499 0.024487
6.390690 0.024485
6.390930 0.024483
6.392358 0.024472
6.393536 0.024463
6.393694 0.024462
6.395992 0.024445
6.396494 0.024441
6.397235 0.024435
6.397738 0.024431
6.398829 0.024423
6.402589 0.024394
6.402935 0.024392
6.404990 0.024376
6.406097 0.024368
6.406441 0.024365
6.407744 0.024355
6.408777 0.024347
6.408993 0.024346
6.413378 0.024312
6.418417 0.024274
6.418873 0.024271
6.420149 0.024261
6.420191 0.024261
6.424107 0.024231
6.425814 0.024218
6.430019 0.024187
6.431017 0.024179
6.432407 0.024169
6.432633 0.024167
6.432873 0.024165
6.433230 0.024162
6.434566 0.024152
6.439315 0.024117
6.445652 0.024069
6.446566 0.024063
6.449301 0.024042
6.451507 0.024026
6.451867 0.024023
6.451990 0.024022
6.452807 0.024016
6.453956 0.024008
6.454689 0.024002
6.457341 0.023982
6.457933 0.023978
6.458719 0.023972
6.459536 0.023966
6.459583 0.023966
6.459663 0.023965
6.459693 0.023965
6.462593 0.023943
6.463055 0.023940
6.465359 0.023923
6.468343 0.023901
6.468534 0.023899
6.469185 0.023895
6.471557 0.023877
6.472207 0.023872
6.473232 0.023865
6.473259 0.023865
6.475178 0.023850
6.477160 0.023836
6.478905 0.023823
6.479060 0.023822
6.481002 0.023808
6.481744 0.023802
6.483660 0.023788
6.485110 0.023777
6.487786 0.023758
6.489639 0.023744
6.491109 0.023734
6.492794 0.023721
6.493047 0.023719
6.493131 0.023719
6.493491 0.023716
6.497245 0.023689
6.499256 0.023674
6.499604 0.023672
6.500124 0.023668
6.500388 0.023666
6.501750 0.023656
6.502059 0.023654
6.502765 0.023649
6.504987 0.023632
6.507405 0.023615
6.508080 0.023610
6.511315 0.023586
6.511786 0.023583
6.514696 0.023562
6.515685 0.023555
6.516477 0.023549
6.518458 0.023535
6.519382 0.023528
6.519590 0.023527
6.519680 0.023526
6.520912 0.023517
6.521126 0.023516
6.527969 0.023466
6.528590 0.023462
6.531423 0.023441
6.532701 0.023432
6.532749 0.023432
6.537806 0.023396
6.541740 0.023368
6.543723 0.023353
6.544029 0.023351
6.545941 0.023338
6.545962 0.023337
6.547928 0.023323
6.548100 0.023322
6.548811 0.023317
6.550613 0.023304
6.553783 0.023282
6.554654 0.023276
6.554894 0.023274
6.556118 0.023265
6.561842 0.023225
6.563336 0.023214
6.565985 0.023195
6.567559 0.023184
6.569168 0.023173
6.569310 0.023172
6.571239 0.023158
6.571779 0.023154
6.572181 0.023152
6.572701 0.023148
6.579994 0.023097
6.581436 0.023087
6.582853 0.023077
6.582865 0.023077
6.584239 0.023067
6.585574 0.023058
6.588419 0.023038
6.588480 0.023037
6.589684 0.023029
6.590028 0.023026
6.591486 0.023016
6.595116 0.022991
6.595575 0.022988
6.595844 0.022986
6.596263 0.022983
6.596494 0.022981
6.597595 0.022974
6.599642 0.022959
6.599942 0.022957
6.600478 0.022954
6.601088 0.022949
6.603400 0.022933
6.605198 0.022921
6.605594 0.022918
6.606886 0.022909
6.609989 0.022888
6.611697 0.022876
6.612660 0.022869
6.614073 0.022859
6.614455 0.022857
6.615411 0.022850
6.616803 0.022840
6.617009 0.022839
6.618942 0.022826
6.619187 0.022824
6.619310 0.022823
6.619939 0.022819
6.622128 0.022804
6.622599 0.022800
6.623701 0.022793
6.625011 0.022784
6.626082 0.022776
6.627236 0.022769
6.627911 0.022764
6.628460 0.022760
6.630585 0.022746
6.630700 0.022745
6.631702 0.022738
6.631879 0.022737
6.635251 0.022714
6.635926 0.022709
6.637483 0.022698
6.637529 0.022698
6.638375 0.022692
6.638780 0.022689
6.640329 0.022679
6.641630 0.022670
6.643490 0.022657
6.644574 0.022650
6.645093 0.022646
6.645314 0.022645
6.652236 0.022598
6.653557 0.022589
6.653947 0.022586
6.653993 0.022586
6.655856 0.022573
6.657283 0.022563
6.661601 0.022534
6.663486 0.022521
6.663885 0.022519
6.665211 0.022510
6.665421 0.022508
6.666225 0.022503
6.667419 0.022495
6.668763 0.022486
6.670225 0.022476
6.671319 0.022469
6.672343 0.022462
6.678614 0.022420
6.681062 0.022403
6.681943 0.022397
6.683353 0.022388
6.683970 0.022384
6.685388 0.022374
6.688252 0.022355
6.688702 0.022352
6.689704 0.022345
6.694620 0.022312
6.696119 0.022303
6.696350 0.022301
6.697160 0.022296
6.697464 0.022294
6.697722 0.022292
6.698932 0.022284
6.699307 0.022281
6.699337 0.022281
6.699967 0.022277
6.699971 0.022277
6.700005 0.022277
6.701912 0.022264
6.702448 0.022260
6.703179 0.022256
6.704742 0.022245
6.704997 0.022243
6.705975 0.022237
6.706002 0.022237
6.707167 0.022229
6.708295 0.022222
6.710837 0.022205
6.711050 0.022203
6.711232 0.022202
6.711509 0.022200
6.713971 0.022184
6.719305 0.022149
6.719585 0.022147
6.720851 0.022139
6.723074 0.022124
6.731448 0.022069
6.733397 0.022056
6.734740 0.022047
6.734757 0.022047
6.735146 0.022045
6.736132 0.022038
6.741690 0.022002
6.743738 0.021989
6.745004 0.021980
6.746671 0.021970
6.749802 0.021949
6.750248 0.021946
6.751776 0.021936
6.752273 0.021933
6.753635 0.021924
6.753656 0.021924
6.755524 0.021912
6.755809 0.021910
6.757198 0.021901
6.757560 0.021899
6.758301 0.021894
6.760284 0.021881
6.761876 0.021871
6.764057 0.021857
6.765322 0.021849
6.766727 0.021840
6.766911 0.021838
6.768321 0.021829
6.768489 0.021828
6.768884 0.021826
6.770594 0.021815
6.771489 0.021809
6.772376 0.021803
6.775145 0.021785
6.775203 0.021785
6.775845 0.021781
6.776149 0.021779
6.776946 0.021774
6.782398 0.021739
6.782437 0.021738
6.782680 0.021737
6.784576 0.021725
6.787821 0.021704
6.788522 0.021699
6.789012 0.021696
6.790650 0.021686
6.791034 0.021683
6.792383 0.021675
6.792402 0.021675
6.795158 0.021657
6.797665 0.021641
6.800872 0.021621
6.802581 0.021610
6.803479 0.021604
6.804013 0.021601
6.804436 0.021598
6.805147 0.021594
6.807817 0.021577
6.807924 0.021576
6.810132 0.021562
6.811913 0.021551
6.812930 0.021544
6.814064 0.021537
6.814737 0.021533
6.818703 0.021508
6.821932 0.021487
6.827507 0.021452
6.828739 0.021445
6.830976 0.021431
6.833117 0.021417
6.834899 0.021406
6.834952 0.021406
6.835808 0.021400
6.837430 0.021390
6.839720 0.021376
6.841411 0.021365
6.842151 0.021361
6.843376 0.021353
6.843566 0.021352
6.844584 0.021345
6.845621 0.021339
6.846325 0.021335
6.847712 0.021326
6.849796 0.021313
6.850259 0.021310
6.853065 0.021293
6.854640 0.021283
6.856543 0.021271
6.857022 0.021268
6.857453 0.021265
6.860408 0.021247
6.861020 0.021243
6.862037 0.021237
6.863890 0.021226
6.863896 0.021226
6.866949 0.021207
6.869231 0.021193
6.871570 0.021178
6.872339 0.021173
6.872850 0.021170
6.873773 0.021165
6.874167 0.021162
6.877822 0.021140
6.879239 0.021131
6.881035 0.021120
6.885016 0.021096
6.886668 0.021085
6.887689 0.021079
6.888716 0.021073
6.889880 0.021066
6.890179 0.021064
6.890232 0.021064
6.890581 0.021061
6.891116 0.021058
6.893383 0.021044
6.893866 0.021041
6.895382 0.021032
6.895909 0.021029
6.897764 0.021018
6.898303 0.021014
6.899271 0.021008
6.899606 0.021006
6.901731 0.020993
6.905301 0.020972
6.910794 0.020938
6.914581 0.020915
6.915468 0.020910
6.925799 0.020848
6.926778 0.020842
6.930183 0.020821
6.930237 0.020821
6.930437 0.020820
6.930831 0.020818
6.933734 0.020800
6.934680 0.020794
6.934740 0.020794
6.939570 0.020765
6.940427 0.020760
6.943369 0.020742
6.943419 0.020742
6.943589 0.020741
6.944756 0.020734
6.947731 0.020716
6.947831 0.020716
6.949076 0.020708
6.950233 0.020701
6.950286 0.020701
6.950835 0.020698
6.952988 0.020685
6.953048 0.020685
6.953363 0.020683
6.954066 0.020679
6.956855 0.020662
6.958337 0.020653
6.958709 0.020651
6.961400 0.020635
6.962512 0.020629
6.962743 0.020627
6.964852 0.020615
6.971165 0.020577
6.971351 0.020576
6.972109 0.020572
6.974796 0.020556
6.976252 0.020547
6.977220 0.020542
6.978886 0.020532
6.979080 0.020531
6.979502 0.020528
6.979772 0.020527
6.981857 0.020514
6.982424 0.020511
6.982916 0.020508
6.986657 0.020486
6.989333 0.020471
6.990132 0.020466
6.990326 0.020465
6.992697 0.020451
6.992832 0.020450
6.995000 0.020437
6.996410 0.020429
6.997684 0.020422
6.999853 0.020409
7.000163 0.020407
7.000662 0.020404
7.004527 0.020382
7.005402 0.020377
7.007120 0.020367
7.007359 0.020365
7.007485 0.020365
7.007801 0.020363
7.008890 0.020356
7.014988 0.020321
7.015437 0.020318
7.017005 0.020309
7.018418 0.020301
7.023190 0.020274
7.023428 0.020272
7.023954 0.020269
7.024221 0.020268
7.026384 0.020255
7.029643 0.020236
7.030437 0.020232
7.031938 0.020223
7.032274 0.020221
7.033023 0.020217
7.037564 0.020191
7.039227 0.020181
7.039427 0.020180
7.040458 0.020174
7.043170 0.020159
7.047504 0.020134
7.048163 0.020130
7.049827 0.020121
7.052909 0.020103
7.053658 0.020099
7.055430 0.020089
7.057059 0.020079
7.059234 0.020067
7.059598 0.020065
7.060958 0.020057
7.062712 0.020047
7.064189 0.020039
7.064722 0.020036
7.066722 0.020025
7.067034 0.020023
7.070029 0.020006
7.075293 0.019976
7.076648 0.019968
7.077330 0.019965
7.077863 0.019962
7.081208 0.019943
7.081943 0.019939
7.083978 0.019927
7.087582 0.019907
7.088988 0.019899
7.090876 0.019888
7.092439 0.019880
7.094467 0.019868
7.095126 0.019865
7.096006 0.019860
7.096142 0.019859
7.096844 0.019855
7.098540 0.019845
7.103053 0.019820
7.103479 0.019818
7.107365 0.019796
7.110054 0.019781
7.110997 0.019776
7.116731 0.019744
7.117784 0.019738
7.117907 0.019738
7.122287 0.019713
7.124323 0.019702
7.124480 0.019701
7.130144 0.019670
7.131612 0.019662
7.132704 0.019656
7.132706 0.019656
7.132927 0.019655
7.133522 0.019651
7.133797 0.019650
7.143993 0.019594
7.144578 0.019591
7.144862 0.019589
7.145058 0.019588
7.145778 0.019584
7.147671 0.019574
7.149179 0.019565
7.150564 0.019558
7.153262 0.019543
7.158563 0.019514
7.158829 0.019513
7.159326 0.019510
7.161486 0.019498
7.163183 0.019489
7.163814 0.019485
7.167961 0.019463
7.169150 0.019456
7.169447 0.019455
7.170564 0.019449
7.171604 0.019443
7.171725 0.019443
7.171783 0.019442
7.173112 0.019435
7.175119 0.019424
7.177754 0.019410
7.179622 0.019400
7.179943 0.019398
7.181262 0.019391
7.181878 0.019388
7.181944 0.019387
7.182388 0.019385
7.183772 0.019377
7.183798 0.019377
7.190261 0.019342
7.190730 0.019340
7.192267 0.019332
7.192311 0.019331
7.192617 0.019330
7.193120 0.019327
7.194441 0.019320
7.195617 0.019314
7.195933 0.019312
7.196399 0.019309
7.198150 0.019300
7.199322 0.019294
7.199853 0.019291
7.199904 0.019291
7.201082 0.019284
7.202356 0.019278
7.202500 0.019277
7.203205 0.019273
7.203484 0.019271
7.204113 0.019268
7.205519 0.019261
7.205950 0.019258
7.208728 0.019243
7.209001 0.019242
7.209786 0.019238
7.211904 0.019226
7.213199 0.019220
7.213298 0.019219
7.215442 0.019208
7.216347 0.019203
7.217877 0.019195
7.218475 0.019192
7.221584 0.019175
7.222775 0.019169
7.222920 0.019168
7.225436 0.019155
7.225864 0.019152
7.226264 0.019150
7.227095 0.019146
7.229916 0.019131
7.230312 0.019129
7.231750 0.019121
7.232054 0.019120
7.232124 0.019119
7.232443 0.019117
7.232451 0.019117
7.234784 0.019105
7.236656 0.019095
7.236775 0.019095
7.237981 0.019088
7.239183 0.019082
7.242679 0.019063
7.245231 0.019050
7.245954 0.019046
7.246065 0.019046
7.246636 0.019043
7.247824 0.019036
7.248170 0.019035
7.249121 0.019030
7.249437 0.019028
7.249887 0.019026
7.251552 0.019017
7.251635 0.019016
7.253349 0.019007
7.253714 0.019005
7.254573 0.019001
7.254815 0.019000
7.255265 0.018997
7.256240 0.018992
7.256376 0.018992
7.256461 0.018991
7.257531 0.018986
7.258145 0.018982
7.259923 0.018973
7.259996 0.018973
7.262858 0.018958
7.266945 0.018936
7.267792 0.018932
7.267885 0.018931
7.268603 0.018928
7.270080 0.018920
7.274199 0.018899
7.274656 0.018896
7.275561 0.018892
7.276717 0.018886
7.278699 0.018875
7.279147 0.018873
7.279613 0.018870
7.279965 0.018869
7.282539 0.018855
7.282756 0.018854
7.284787 0.018844
7.286310 0.018836
7.287762 0.018828
7.290478 0.018814
7.290713 0.018813
7.294591 0.018793
7.295549 0.018788
7.295853 0.018787
7.295992 0.018786
7.296253 0.018785
7.298375 0.018774
7.298826 0.018771
7.298964 0.018771
7.299928 0.018766
7.300926 0.018760
7.301020 0.018760
7.301338 0.018758
7.301354 0.018758
7.306313 0.018733
7.307027 0.018729
7.307166 0.018728
7.308609 0.018721
7.308846 0.018720
7.310830 0.018710
7.311589 0.018706
7.312405 0.018702
7.312728 0.018700
7.314998 0.018688
7.315070 0.018688
7.316684 0.018680
7.318307 0.018671
7.319351 0.018666
7.321039 0.018658
7.324439 0.018640
7.326885 0.018628
7.328222 0.018621
7.328273 0.018621
7.328616 0.018619
7.329013 0.018617
7.330424 0.018610
7.330904 0.018607
7.331948 0.018602
7.332202 0.018601
7.332548 0.018599
7.337060 0.018576
7.338523 0.018569
7.340143 0.018561
7.341303 0.018555
7.342848 0.018547
7.344011 0.018541
7.344166 0.018540
7.347003 0.018526
7.347124 0.018525
7.347316 0.018524
7.347419 0.018524
7.348153 0.018520
7.348776 0.018517
7.349418 0.018514
7.352005 0.018501
7.353062 0.018495
7.353344 0.018494
7.354537 0.018488
7.355781 0.018482
7.357449 0.018473
7.358526 0.018468
7.359870 0.018461
7.360505 0.018458
7.363062 0.018445
7.364604 0.018437
7.364709 0.018437
7.364737 0.018437
7.364852 0.018436
7.367718 0.018422
7.367741 0.018422
7.368218 0.018419
7.374613 0.018387
7.376668 0.018377
7.377353 0.018374
7.378220 0.018369
7.381528 0.018353
7.381899 0.018351
7.382059 0.018350
7.387187 0.018325
7.388723 0.018317
7.389445 0.018314
7.389560 0.018313
7.391596 0.018303
7.392664 0.018298
7.394497 0.018289
7.396148 0.018281
7.396277 0.018280
7.396557 0.018279
7.400108 0.018261
7.400419 0.018259
7.403010 0.018247
7.403752 0.018243
7.404866 0.018238
7.407026 0.018227
7.410866 0.018208
7.412666 0.018199
7.413132 0.018197
7.413239 0.018196
7.416850 0.018179
7.420100 0.018163
7.420579 0.018160
7.421882 0.018154
7.422487 0.018151
7.422819 0.018149
7.423677 0.018145
7.424034 0.018143
7.425542 0.018136
7.425552 0.018136
7.426293 0.018132
7.428116 0.018124
7.428752 0.018120
7.429161 0.018118
7.429627 0.018116
7.430871 0.018110
7.432120 0.018104
7.432151 0.018104
7.434325 0.018093
7.436844 0.018081
7.439078 0.018070
7.440746 0.018062
7.441179 0.018060
7.441527 0.018058
7.441624 0.018058
7.441930 0.018056
7.443255 0.018050
7.445316 0.018040
7.445640 0.018038
7.446959 0.018032
7.447623 0.018029
7.448154 0.018026
7.452959 0.018003
7.453514 0.018000
7.454034 0.017998
7.454291 0.017996
7.456765 0.017985
7.456780 0.017984
7.460688 0.017966
7.464758 0.017946
7.465373 0.017943
7.466734 0.017937
7.468439 0.017928
7.469178 0.017925
7.471405 0.017914
7.472813 0.017907
7.474592 0.017899
7.474855 0.017898
7.476646 0.017889
7.476998 0.017887
7.477211 0.017886
7.477458 0.017885
7.477871 0.017883
7.480105 0.017872
7.481129 0.017868
7.481160 0.017867
7.481969 0.017864
7.483827 0.017855
7.484548 0.017851
7.486051 0.017844
7.488840 0.017831
7.489741 0.017827
7.491747 0.017817
7.493008 0.017811
7.493626 0.017808
7.493977 0.017806
7.495337 0.017800
7.495444 0.017799
7.496781 0.017793
7.497663 0.017789
7.501471 0.017771
7.502466 0.017766
7.503327 0.017762
7.503557 0.017761
7.503717 0.017760
7.504486 0.017757
7.505717 0.017751
7.508717 0.017737
7.508782 0.017736
7.508971 0.017735
7.515045 0.017707
7.518321 0.017691
7.519832 0.017684
7.521071 0.017678
7.521244 0.017677
7.524221 0.017664
7.526843 0.017651
7.529820 0.017637
7.529954 0.017637
7.530789 0.017633
7.533111 0.017622
7.534820 0.017614
7.535991 0.017608
7.538840 0.017595
7.539261 0.017593
7.539524 0.017592
7.540662 0.017587
7.540852 0.017586
7.542203 0.017579
7.542905 0.017576
7.548895 0.017548
7.549038 0.017548
7.549359 0.017546
7.549431 0.017546
7.551107 0.017538
7.552725 0.017530
7.553503 0.017527
7.553889 0.017525
7.554853 0.017521
7.555750 0.017516
7.559536 0.017499
7.564929 0.017474
7.571322 0.017444
7.573621 0.017434
7.573915 0.017432
7.575562 0.017425
7.576087 0.017422
7.577256 0.017417
7.579452 0.017407
7.582674 0.017392
7.584617 0.017383
7.586158 0.017376
7.589801 0.017360
7.592726 0.017346
7.593899 0.017341
7.594157 0.017340
7.595178 0.017335
7.596375 0.017330
7.596851 0.017327
7.597929 0.017322
7.604261 0.017294
7.604839 0.017291
7.605892 0.017286
7.607156 0.017280
7.607938 0.017277
7.609272 0.017271
7.610131 0.017267
7.610196 0.017267
7.611474 0.017261
7.613809 0.017250
7.620149 0.017222
7.621390 0.017216
7.622883 0.017209
7.623475 0.017207
7.624543 0.017202
7.627631 0.017188
7.628675 0.017183
7.628840 0.017182
7.630428 0.017175
7.631264 0.017171
7.631379 0.017171
7.632440 0.017166
7.637002 0.017146
7.637793 0.017142
7.638141 0.017141
7.639169 0.017136
7.642410 0.017121
7.645979 0.017105
7.646295 0.017104
7.646898 0.017101
7.652488 0.017076
7.652774 0.017075
7.655566 0.017063
7.657717 0.017053
7.657853 0.017052
7.658055 0.017052
7.658302 0.017050
7.659810 0.017044
7.659926 0.017043
7.661281 0.017037
7.661442 0.017036
7.661928 0.017034
7.668278 0.017006
7.668724 0.017004
7.669123 0.017002
7.670236 0.016997
7.670482 0.016996
7.671246 0.016993
7.671515 0.016992
7.672576 0.016987
7.677916 0.016963
7.679098 0.016958
7.681507 0.016948
7.683923 0.016937
7.684484 0.016934
7.684864 0.016933
7.685169 0.016931
7.686959 0.016924
7.688269 0.016918
7.689695 0.016911
7.692398 0.016900
7.692427 0.016899
7.693526 0.016895
7.696642 0.016881
7.696686 0.016881
7.696749 0.016881
7.696785 0.016880
7.699113 0.016870
7.699991 0.016866
7.701713 0.016859
7.702026 0.016857
7.704938 0.016845
7.705384 0.016843
7.708297 0.016830
7.708669 0.016828
7.709431 0.016825
7.711723 0.016815
7.712192 0.016813
7.715159 0.016800
7.718543 0.016785
7.719067 0.016783
7.719758 0.016780
7.720419 0.016777
7.721567 0.016772
7.724441 0.016760
7.724503 0.016759
7.724834 0.016758
7.728096 0.016744
7.728162 0.016744
7.729282 0.016739
7.730070 0.016735
7.732722 0.016724
7.732876 0.016723
7.733760 0.016719
7.733917 0.016719
7.734109 0.016718
7.735005 0.016714
7.735544 0.016712
7.736509 0.016707
7.736796 0.016706
7.739752 0.016693
7.740124 0.016692
7.740271 0.016691
7.740474 0.016690
7.742047 0.016684
7.743058 0.016679
7.747339 0.016661
7.750073 0.016649
7.753242 0.016635
7.753416 0.016635
7.757513 0.016617
7.758843 0.016611
7.760178 0.016606
7.760660 0.016604
7.764035 0.016589
7.765901 0.016581
7.766035 0.016581
7.766229 0.016580
7.768818 0.016569
7.770478 0.016562
7.770747 0.016561
7.771562 0.016557
7.772054 0.016555
7.772346 0.016554
7.772392 0.016554
7.772836 0.016552
7.776703 0.016535
7.776798 0.016535
7.777187 0.016533
7.778028 0.016530
7.778161 0.016529
7.780977 0.016517
7.781196 0.016516
7.783253 0.016507
7.783947 0.016504
7.784087 0.016504
7.784398 0.016503
7.786012 0.016496
7.786570 0.016493
7.788269 0.016486
7.789840 0.016479
7.790982 0.016475
7.791019 0.016474
7.794377 0.016460
7.796569 0.016451
7.796611 0.016451
7.797299 0.016448
7.797414 0.016447
7.798545 0.016443
7.799061 0.016441
7.799958 0.016437
7.800609 0.016434
7.802032 0.016428
7.803553 0.016422
7.804154 0.016419
7.805371 0.016414
7.805613 0.016413
7.806786 0.016408
7.806974 0.016407
7.810203 0.016394
7.811985 0.016386
7.814238 0.016377
7.816771 0.016366
7.816949 0.016365
7.818486 0.016359
7.819463 0.016355
7.820217 0.016352
7.823415 0.016338
7.823658 0.016337
7.826552 0.016325
7.826667 0.016325
7.827526 0.016321
7.832114 0.016302
7.833391 0.016297
7.834842 0.016291
7.836407 0.016284
7.836992 0.016282
7.839168 0.016273
7.839629 0.016271
7.839979 0.016269
7.841466 0.016263
7.846334 0.016243
7.846790 0.016241
7.846901 0.016241
7.846956 0.016240
7.847016 0.016240
7.849012 0.016232
7.852187 0.016219
7.853347 0.016214
7.855909 0.016203
7.857641 0.016196
7.860934 0.016183
7.862063 0.016178
7.863404 0.016173
7.865388 0.016164
7.876398 0.016119
7.877033 0.016117
7.878004 0.016113
7.878116 0.016112
7.878596 0.016110
7.880036 0.016104
7.881474 0.016098
7.882810 0.016093
7.884703 0.016085
7.885566 0.016082
7.892347 0.016054
7.895589 0.016041
7.898741 0.016028
7.899669 0.016024
7.900548 0.016021
7.900921 0.016019
7.903376 0.016009
7.906708 0.015996
7.906814 0.015995
7.907678 0.015992
7.908052 0.015990
7.910585 0.015980
7.910800 0.015979
7.911686 0.015976
7.911787 0.015975
7.912510 0.015972
7.916281 0.015957
7.918228 0.015949
7.918261 0.015949
7.918851 0.015947
7.920448 0.015940
7.923175 0.015929
7.925138 0.015922
7.928090 0.015910
7.928392 0.015909
7.928654 0.015907
7.928956 0.015906
7.931026 0.015898
7.931629 0.015896
7.931693 0.015895
7.932019 0.015894
7.933952 0.015886
7.934263 0.015885
7.935034 0.015882
7.936332 0.015877
7.936766 0.015875
7.940552 0.015860
7.940901 0.015858
7.941199 0.015857
7.941783 0.015855
7.946232 0.015837
7.947499 0.015832
7.948980 0.015826
7.949361 0.015825
7.951207 0.015817
7.953005 0.015810
7.955056 0.015802
7.957519 0.015792
7.958024 0.015790
7.962219 0.015774
7.962492 0.015773
7.962866 0.015771
7.962902 0.015771
7.963338 0.015769
7.965740 0.015760
7.966085 0.015758
7.967652 0.015752
7.974713 0.015724
7.974996 0.015723
7.981231 0.015699
7.982054 0.015695
7.983214 0.015691
7.984828 0.015684
7.986268 0.015679
7.986485 0.015678
7.986501 0.015678
7.987372 0.015674
7.987468 0.015674
7.989062 0.015668
7.990889 0.015661
7.996190 0.015640
7.997082 0.015636
8.000957 0.015621
8.006868 0.015598
8.006987 0.015598
8.010094 0.015586
8.010439 0.015584
8.012199 0.015577
8.012685 0.015576
8.014515 0.015568
8.014537 0.015568
8.015575 0.015564
8.015892 0.015563
8.016970 0.015559
8.017529 0.015557
8.018363 0.015554
8.018711 0.015552
8.021816 0.015540
8.028478 0.015514
8.028598 0.015514
8.030685 0.015506
8.031796 0.015502
8.031832 0.015501
8.031942 0.015501
8.034384 0.015492
8.034893 0.015490
8.035949 0.015486
8.036720 0.015483
8.038083 0.015477
8.038118 0.015477
8.038730 0.015475
8.039237 0.015473
8.039433 0.015472
8.039912 0.015470
8.041683 0.015463
8.042152 0.015462
8.044423 0.015453
8.045774 0.015448
8.048625 0.015437
8.050779 0.015429
8.051019 0.015428
8.052051 0.015424
8.052403 0.015422
8.054556 0.015414
8.057011 0.015405
8.057910 0.015401
8.062677 0.015383
8.063579 0.015380
8.065298 0.015373
8.065490 0.015372
8.065595 0.015372
8.069835 0.015356
8.071423 0.015350
8.074342 0.015339
8.074653 0.015337
8.075298 0.015335
8.076646 0.015330
8.083719 0.015303
8.084582 0.015300
8.087901 0.015287
8.088216 0.015286
8.090843 0.015276
8.091147 0.015275
8.093504 0.015266
8.094545 0.015262
8.095909 0.015257
8.097791 0.015250
8.098471 0.015247
8.098973 0.015245
8.099278 0.015244
8.100178 0.015241
8.100769 0.015239
8.101123 0.015237
8.102371 0.015233
8.103180 0.015230
8.103915 0.015227
8.104744 0.015224
8.106087 0.015219
8.110036 0.015204
8.110362 0.015203
8.113796 0.015190
8.113874 0.015190
8.118413 0.015173
8.118488 0.015172
8.120893 0.015163
8.122153 0.015159
8.125163 0.015147
8.126608 0.015142
8.129210 0.015132
8.130256 0.015128
8.130794 0.015126
8.131752 0.015123
8.131798 0.015123
8.135006 0.015111
8.135751 0.015108
8.137574 0.015101
8.137731 0.015101
8.139017 0.015096
8.139105 0.015095
8.142517 0.015083
8.142869 0.015082
8.143979 0.015077
8.145231 0.015073
8.145937 0.015070
8.147784 0.015063
8.148479 0.015061
8.148817 0.015060
8.150682 0.015053
8.151164 0.015051
8.152275 0.015047
8.153375 0.015043
8.155985 0.015033
8.158037 0.015025
8.159200 0.015021
8.160977 0.015015
8.163871 0.015004
8.164725 0.015001
8.166763 0.014993
8.167253 0.014992
8.167455 0.014991
8.167480 0.014991
8.171305 0.014977
8.172480 0.014972
8.172657 0.014972
8.174423 0.014965
8.179308 0.014947
8.179967 0.014945
8.181204 0.014941
8.181427 0.014940
8.181672 0.014939
8.188822 0.014913
8.188990 0.014912
8.189266 0.014911
8.194266 0.014893
8.196814 0.014884
8.197040 0.014883
8.198576 0.014877
8.205429 0.014852
8.206943 0.014847
8.208618 0.014841
8.209185 0.014839
8.213202 0.014824
8.215559 0.014816
8.217665 0.014808
8.219537 0.014801
8.220057 0.014800
8.221058 0.014796
8.221170 0.014796
8.221497 0.014794
8.223020 0.014789
8.225113 0.014781
8.226767 0.014775
8.231960 0.014757
8.233247 0.014752
8.234184 0.014749
8.234904 0.014746
8.235186 0.014745
8.235432 0.014744
8.236742 0.014740
8.236745 0.014740
8.238339 0.014734
8.238754 0.014733
8.240871 0.014725
8.241155 0.014724
8.245735 0.014708
8.246053 0.014706
8.247523 0.014701
8.249006 0.014696
8.251488 0.014687
8.253773 0.014679
8.255221 0.014674
8.257380 0.014666
8.257423 0.014666
8.259174 0.014660
8.260602 0.014655
8.260805 0.014654
8.261391 0.014652
8.262604 0.014648
8.262730 0.014647
8.265028 0.014639
8.265390 0.014638
8.267354 0.014631
8.267664 0.014630
8.267768 0.014629
8.268911 0.014625
8.269887 0.014622
8.271083 0.014618
8.271963 0.014614
8.273945 0.014607
8.274342 0.014606
8.274911 0.014604
8.275097 0.014603
8.276025 0.014600
8.276312 0.014599
8.277874 0.014594
8.278128 0.014593
8.278417 0.014592
8.279741 0.014587
8.279985 0.014586
8.280210 0.014585
8.284232 0.014571
8.284868 0.014569
8.285762 0.014566
8.286468 0.014563
8.289207 0.014554
8.290680 0.014549
8.291421 0.014546
8.293125 0.014540
8.294542 0.014535
8.294838 0.014534
8.295123 0.014533
8.296438 0.014528
8.296639 0.014528
8.299328 0.014518
8.299448 0.014518
8.303874 0.014502
8.304971 0.014499
8.306388 0.014494
8.308423 0.014486
8.309163 0.014484
8.310900 0.014478
8.315693 0.014461
8.316882 0.014457
8.317774 0.014454
8.327872 0.014419
8.328521 0.014417
8.328926 0.014415
8.329026 0.014415
8.330154 0.014411
8.332276 0.014404
8.332370 0.014403
8.334918 0.014395
8.335682 0.014392
8.336633 0.014389
8.337787 0.014385
8.338020 0.014384
8.340678 0.014375
8.341993 0.014370
8.342379 0.014369
8.342921 0.014367
8.344951 0.014360
8.345444 0.014358
8.347090 0.014353
8.347180 0.014352
8.347601 0.014351
8.348754 0.014347
8.348827 0.014347
8.350110 0.014342
8.350459 0.014341
8.354032 0.014329
8.354617 0.014327
8.355167 0.014325
8.357708 0.014316
8.358032 0.014315
8.359830 0.014309
8.360258 0.014307
8.363731 0.014296
8.364626 0.014292
8.366060 0.014288
8.366287 0.014287
8.366558 0.014286
8.367789 0.014282
8.370656 0.014272
8.373351 0.014263
8.373908 0.014261
8.375363 0.014256
8.377963 0.014247
8.378777 0.014244
8.380292 0.014239
8.381861 0.014234
8.382027 0.014233
8.384442 0.014225
8.385375 0.014222
8.386650 0.014217
8.386932 0.014217
8.390538 0.014204
8.393089 0.014196
8.397954 0.014179
8.399176 0.014175
8.400693 0.014170
8.402766 0.014163
8.403681 0.014160
8.404113 0.014158
8.404142 0.014158
8.404349 0.014158
8.406897 0.014149
8.411826 0.014133
8.416579 0.014117
8.416634 0.014116
8.418224 0.014111
8.418955 0.014109
8.419353 0.014107
8.422469 0.014097
8.425230 0.014088
8.428688 0.014076
8.428906 0.014075
8.430111 0.014071
8.432411 0.014064
8.435300 0.014054
8.438342 0.014044
8.438964 0.014042
8.442772 0.014029
8.443043 0.014028
8.443305 0.014027
8.444586 0.014023
8.444767 0.014022
8.446590 0.014016
8.447574 0.014013
8.448520 0.014010
8.448784 0.014009
8.448985 0.014008
8.450126 0.014005
8.452584 0.013997
8.454378 0.013991
8.458508 0.013977
8.458804 0.013976
8.459264 0.013974
8.459782 0.013973
8.460598 0.013970
8.461806 0.013966
8.463463 0.013961
8.465115 0.013955
8.465538 0.013954
8.465665 0.013953
8.467641 0.013947
8.467841 0.013946
8.469270 0.013941
8.469677 0.013940
8.471089 0.013935
8.472872 0.013930
8.473295 0.013928
8.474161 0.013925
8.475787 0.013920
8.476674 0.013917
8.484809 0.013890
8.486013 0.013886
8.487730 0.013881
8.489521 0.013875
8.492275 0.013866
8.492696 0.013865
8.493348 0.013863
8.493738 0.013861
8.493891 0.013861
8.497064 0.013850
8.497374 0.013849
8.501320 0.013837
8.501842 0.013835
8.503499 0.013829
8.511547 0.013803
8.511562 0.013803
8.513172 0.013798
8.513551 0.013797
8.515561 0.013790
8.516529 0.013787
8.516713 0.013787
8.518439 0.013781
8.518636 0.013780
8.519775 0.013777
8.521027 0.013773
8.522448 0.013768
8.523778 0.013764
8.524286 0.013762
8.525949 0.013757
8.526466 0.013755
8.528257 0.013749
8.529296 0.013746
8.531948 0.013737
8.534464 0.013729
8.534909 0.013728
8.536247 0.013724
8.536440 0.013723
8.537721 0.013719
8.538366 0.013717
8.538443 0.013716
8.538895 0.013715
8.540293 0.013711
8.540337 0.013710
8.543033 0.013702
8.545493 0.013694
8.548426 0.013684
8.549346 0.013682
8.556680 0.013658
8.556816 0.013658
8.558869 0.013651
8.561665 0.013642
8.563581 0.013636
8.563981 0.013635
8.565653 0.013629
8.567126 0.013625
8.568332 0.013621
8.571443 0.013611
8.572274 0.013608
8.573293 0.013605
8.574461 0.013601
8.575574 0.013598
8.576913 0.013594
8.578508 0.013589
8.579277 0.013586
8.579838 0.013584
8.580240 0.013583
8.580382 0.013583
8.583256 0.013574
8.593419 0.013542
8.596416 0.013532
8.596536 0.013532
8.598253 0.013526
8.599826 0.013521
8.600263 0.013520
8.600747 0.013518
8.602132 0.013514
8.602448 0.013513
8.602587 0.013513
8.603395 0.013510
8.605071 0.013505
8.607857 0.013496
8.609031 0.013492
8.609828 0.013490
8.610545 0.013488
8.610770 0.013487
8.613368 0.013479
8.615032 0.013474
8.615833 0.013471
8.616753 0.013468
8.617798 0.013465
8.619067 0.013461
8.620168 0.013458
8.621287 0.013454
8.625417 0.013441
8.625664 0.013440
8.628043 0.013433
8.628321 0.013432
8.628760 0.013431
8.633895 0.013415
8.634968 0.013412
8.635297 0.013411
8.637802 0.013403
8.640907 0.013393
8.643522 0.013385
8.644810 0.013381
8.645543 0.013379
8.646166 0.013377
8.653148 0.013355
8.653626 0.013354
8.654310 0.013352
8.655338 0.013348
8.656682 0.013344
8.657943 0.013340
8.659296 0.013336
8.659423 0.013336
8.659525 0.013336
8.659727 0.013335
8.661530 0.013329
8.662998 0.013325
8.663154 0.013324
8.663924 0.013322
8.664102 0.013321
8.664892 0.013319
8.668017 0.013309
8.668329 0.013309
8.668360 0.013308
8.669323 0.013305
8.671713 0.013298
8.673749 0.013292
8.674925 0.013288
8.675995 0.013285
8.676956 0.013282
8.678670 0.013277
8.678795 0.013276
8.679590 0.013274
8.679814 0.013273
8.680193 0.013272
8.683128 0.013263
8.683893 0.013261
8.686840 0.013252
8.687016 0.013251
8.691056 0.013239
8.693137 0.013233
8.693962 0.013230
8.697015 0.013221
8.698314 0.013217
8.699801 0.013212
8.705633 0.013195
8.707927 0.013188
8.707936 0.013188
8.708204 0.013187
8.708913 0.013185
8.709538 0.013183
8.712827 0.013173
8.715421 0.013165
8.716062 0.013163
8.716275 0.013162
8.717531 0.013159
8.719438 0.013153
8.719904 0.013152
8.721896 0.013146
8.721986 0.013145
8.723578 0.013140
8.726273 0.013132
8.727168 0.013130
8.727885 0.013127
8.728794 0.013125
8.728982 0.013124
8.732662 0.013113
8.732891 0.013112
8.734385 0.013108
8.735906 0.013103
8.736917 0.013100
8.738240 0.013096
8.739139 0.013094
8.740735 0.013089
8.742954 0.013082
8.744679 0.013077
8.745362 0.013075
8.745741 0.013074
8.751285 0.013057
8.753610 0.013050
8.755217 0.013046
8.759025 0.013034
8.759986 0.013031
8.761221 0.013028
8.762501 0.013024
8.763571 0.013021
8.768984 0.013005
8.769829 0.013002
8.770949 0.012999
8.772088 0.012996
8.773796 0.012990
8.774090 0.012990
8.774645 0.012988
8.774718 0.012988
8.775386 0.012986
8.775565 0.012985
8.775722 0.012985
8.778513 0.012977
8.779812 0.012973
8.780296 0.012971
8.782933 0.012963
8.784818 0.012958
8.788840 0.012946
8.791075 0.012939
8.791237 0.012939
8.793032 0.012934
8.794644 0.012929
8.795179 0.012927
8.795289 0.012927
8.795832 0.012925
8.795921 0.012925
8.796438 0.012924
8.797905 0.012919
8.798628 0.012917
8.799527 0.012915
8.799688 0.012914
8.799803 0.012914
8.801308 0.012909
8.801569 0.012909
8.802825 0.012905
8.803443 0.012903
8.805215 0.012898
8.805763 0.012896
8.806278 0.012895
8.807117 0.012892
8.808063 0.012890
8.808109 0.012889
8.808149 0.012889
8.812904 0.012875
8.813503 0.012874
8.815133 0.012869
8.815674 0.012867
8.816387 0.012865
8.818242 0.012860
8.819628 0.012856
8.821811 0.012849
8.823134 0.012846
8.824395 0.012842
8.827436 0.012833
8.829591 0.012827
8.831856 0.012820
8.835266 0.012810
8.836943 0.012805
8.839225 0.012799
8.839384 0.012798
8.839446 0.012798
8.840816 0.012794
8.841980 0.012791
8.842263 0.012790
8.842346 0.012790
8.842921 0.012788
8.846395 0.012778
8.851540 0.012763
8.852788 0.012760
8.857897 0.012745
8.858848 0.012742
8.859268 0.012741
8.864364 0.012726
8.865589 0.012723
8.866786 0.012719
8.869274 0.012712
8.869710 0.012711
8.870153 0.012710
8.871633 0.012706
8.874054 0.012699
8.874477 0.012697
8.877827 0.012688
8.877830 0.012688
8.877839 0.012688
8.879894 0.012682
8.880638 0.012680
8.880646 0.012680
8.880663 0.012680
8.880875 0.012679
8.881102 0.012678
8.881364 0.012678
8.886939 0.012662
8.887038 0.012662
8.890429 0.012652
8.891169 0.012650
8.892647 0.012646
8.893407 0.012643
8.895064 0.012639
8.895208 0.012638
8.897939 0.012631
8.899313 0.012627
8.900395 0.012624
8.901106 0.012622
8.901623 0.012620
8.902022 0.012619
8.903064 0.012616
8.903766 0.012614
8.904073 0.012613
8.907962 0.012602
8.908225 0.012601
8.908421 0.012601
8.908696 0.012600
8.909193 0.012599
8.909414 0.012598
8.910429 0.012595
8.910555 0.012595
8.911161 0.012593
8.912485 0.012589
8.913049 0.012588
8.914416 0.012584
8.917514 0.012575
8.918038 0.012574
8.918604 0.012572
8.921242 0.012565
8.921899 0.012563
8.923493 0.012558
8.923734 0.012558
8.924027 0.012557
8.924306 0.012556
8.924549 0.012555
8.926773 0.012549
8.927257 0.012548
8.927870 0.012546
8.928427 0.012544
8.929912 0.012540
8.931158 0.012537
8.932655 0.012533
8.934727 0.012527
8.936583 0.012522
8.941243 0.012508
8.941436 0.012508
8.941820 0.012507
8.944182 0.012500
8.944471 0.012499
8.944825 0.012498
8.947328 0.012491
8.947701 0.012490
8.957965 0.012462
8.959147 0.012459
8.962118 0.012450
8.962964 0.012448
8.962965 0.012448
8.963215 0.012447
8.965301 0.012441
8.966738 0.012437
8.968179 0.012433
8.968346 0.012433
8.968959 0.012431
8.971023 0.012426
8.971217 0.012425
8.972152 0.012422
8.972190 0.012422
8.972424 0.012422
8.973576 0.012418
8.975004 0.012415
8.978143 0.012406
8.979221 0.012403
8.982539 0.012394
8.984024 0.012390
8.986698 0.012382
8.987111 0.012381
8.988485 0.012377
8.989222 0.012375
8.989312 0.012375
8.990485 0.012372
8.994623 0.012360
8.995896 0.012357
8.996649 0.012355
8.997219 0.012353
8.997758 0.012352
8.998849 0.012349
8.999120 0.012348
8.999149 0.012348
8.999861 0.012346
9.000314 0.012345
9.000479 0.012344
9.000868 0.012343
9.000873 0.012343
9.001337 0.012342
9.001435 0.012342
9.002091 0.012340
9.002324 0.012339
9.003573 0.012336
9.003708 0.012336
9.007507 0.012325
9.008588 0.012322
9.009516 0.012320
9.009691 0.012319
9.009958 0.012318
9.011590 0.012314
9.011660 0.012314
9.013755 0.012308
9.015099 0.012304
9.016335 0.012301
9.016541 0.012300
9.016873 0.012300
9.019179 0.012293
9.020024 0.012291
9.021245 0.012288
9.023370 0.012282
9.024940 0.012278
9.025689 0.012276
9.026345 0.012274
9.028384 0.012268
9.028890 0.012267
9.029121 0.012266
9.031828 0.012259
9.035664 0.012248
9.037920 0.012242
9.038413 0.012241
9.039735 0.012237
9.040355 0.012236
9.042114 0.012231
9.045380 0.012222
9.046384 0.012219
9.046882 0.012218
9.047406 0.012217
9.048127 0.012215
9.049709 0.012210
9.052230 0.012204
9.053084 0.012201
9.053816 0.012199
9.053857 0.012199
9.055270 0.012195
9.055453 0.012195
9.056704 0.012192
9.057644 0.012189
9.059970 0.012183
9.060680 0.012181
9.062122 0.012177
9.062748 0.012175
9.064824 0.012170
9.064967 0.012169
9.066472 0.012165
9.070433 0.012155
9.071107 0.012153
9.071595 0.012152
9.072555 0.012149
9.072590 0.012149
9.074036 0.012145
9.074166 0.012145
9.076668 0.012138
9.077891 0.012135
9.079074 0.012132
9.079384 0.012131
9.079432 0.012131
9.079595 0.012130
9.079619 0.012130
9.083100 0.012121
9.083104 0.012121
9.084696 0.012117
9.090500 0.012101
9.091878 0.012097
9.092072 0.012097
9.093298 0.012094
9.097580 0.012082
9.098751 0.012079
9.101005 0.012073
9.101706 0.012071
9.102194 0.012070
9.102464 0.012069
9.103743 0.012066
9.106275 0.012059
9.106544 0.012058
9.109723 0.012050
9.110310 0.012049
9.112130 0.012044
9.113081 0.012041
9.115148 0.012036
9.115380 0.012035
9.115441 0.012035
9.116102 0.012033
9.116816 0.012031
9.117032 0.012031
9.117092 0.012031
9.117858 0.012029
9.120918 0.012021
9.121930 0.012018
9.125002 0.012010
9.126090 0.012007
9.127547 0.012003
9.127805 0.012002
9.128018 0.012002
9.129061 0.011999
9.130095 0.011996
9.130773 0.011995
9.131595 0.011992
9.131613 0.011992
9.132930 0.011989
9.133238 0.011988
9.133341 0.011988
9.134651 0.011984
9.134856 0.011984
9.135660 0.011982
9.137629 0.011977
9.138504 0.011974
9.138986 0.011973
9.139304 0.011972
9.140628 0.011969
9.141050 0.011968
9.142448 0.011964
9.142668 0.011963
9.145891 0.011955
9.145908 0.011955
9.146091 0.011954
9.153029 0.011936
9.153291 0.011936
9.153790 0.011934
9.156624 0.011927
9.156792 0.011927
9.157641 0.011924
9.157837 0.011924
9.159679 0.011919
9.160132 0.011918
9.161965 0.011913
9.162447 0.011912
9.165215 0.011905
9.168347 0.011896
9.170263 0.011891
9.170425 0.011891
9.170597 0.011891
9.171150 0.011889
9.174209 0.011881
9.174221 0.011881
9.174889 0.011880
9.175620 0.011878
9.184947 0.011854
9.186917 0.011848
9.190738 0.011839
9.191770 0.011836
9.192175 0.011835
9.192534 0.011834
9.194063 0.011830
9.196140 0.011825
9.196393 0.011824
9.196788 0.011823
9.197015 0.011822
9.197256 0.011822
9.197387 0.011821
9.198080 0.011820
9.198647 0.011818
9.199254 0.011817
9.199697 0.011816
9.200612 0.011813
9.201949 0.011810
9.202065 0.011809
9.203012 0.011807
9.205228 0.011801
9.209027 0.011792
9.210221 0.011789
9.211806 0.011784
9.212521 0.011783
9.214281 0.011778
9.214595 0.011777
9.217334 0.011770
9.219420 0.011765
9.220823 0.011761
9.226170 0.011748
9.228262 0.011742
9.232649 0.011731
9.236137 0.011722
9.236227 0.011722
9.237661 0.011719
9.239256 0.011715
9.240194 0.011712
9.240708 0.011711
9.241177 0.011710
9.242592 0.011706
9.244641 0.011701
9.245053 0.011700
9.245898 0.011698
9.248156 0.011692
9.249559 0.011688
9.250594 0.011686
9.251277 0.011684
9.251734 0.011683
9.251753 0.011683
9.252372 0.011681
9.252485 0.011681
9.256990 0.011670
9.257413 0.011669
9.258080 0.011667
9.259184 0.011664
9.263568 0.011653
9.264199 0.011652
9.264429 0.011651
9.269323 0.011639
9.270005 0.011637
9.270023 0.011637
9.272359 0.011631
9.274885 0.011625
9.276027 0.011622
9.278267 0.011616
9.280963 0.011610
9.282448 0.011606
9.285626 0.011598
9.287642 0.011593
9.287675 0.011593
9.290049 0.011587
9.290320 0.011586
9.295601 0.011573
9.296152 0.011572
9.296481 0.011571
9.296679 0.011570
9.296947 0.011570
9.299003 0.011565
9.299734 0.011563
9.300063 0.011562
9.303422 0.011554
9.305202 0.011549
9.305844 0.011548
9.306447 0.011546
9.307570 0.011543
9.311949 0.011532
9.312640 0.011531
9.313330 0.011529
9.317213 0.011519
9.317342 0.011519
9.318914 0.011515
9.319954 0.011513
9.322298 0.011507
9.322485 0.011506
9.326640 0.011496
9.327845 0.011493
9.328517 0.011491
9.329433 0.011489
9.331100 0.011485
9.337344 0.011470
9.338311 0.011467
9.340916 0.011461
9.343154 0.011455
9.343367 0.011455
9.345276 0.011450
9.345796 0.011449
9.346523 0.011447
9.346676 0.011447
9.347399 0.011445
9.347638 0.011444
9.350505 0.011437
9.353598 0.011430
9.354506 0.011428
9.355861 0.011424
9.356947 0.011422
9.362787 0.011407
9.364700 0.011403
9.365338 0.011401
9.366882 0.011398
9.371948 0.011385
9.374073 0.011380
9.377893 0.011371
9.379585 0.011367
9.382202 0.011360
9.382779 0.011359
9.382780 0.011359
9.383949 0.011356
9.385790 0.011352
9.385967 0.011351
9.386808 0.011349
9.387754 0.011347
9.388008 0.011346
9.389957 0.011342
9.392016 0.011337
9.393716 0.011332
9.393736 0.011332
9.395256 0.011329
9.396150 0.011327
9.404769 0.011306
9.404865 0.011306
9.405360 0.011304
9.405720 0.011304
9.408674 0.011296
9.408920 0.011296
9.409568 0.011294
9.412080 0.011288
9.412573 0.011287
9.416363 0.011278
9.417571 0.011275
9.420062 0.011269
9.421262 0.011266
9.421932 0.011265
9.422942 0.011262
9.424754 0.011258
9.426317 0.011254
9.429919 0.011246
9.429992 0.011245
9.431584 0.011242
9.431819 0.011241
9.432049 0.011241
9.432262 0.011240
9.432489 0.011240
9.433011 0.011238
9.434899 0.011234
9.437067 0.011229
9.437168 0.011228
9.440445 0.011221
9.443583 0.011213
9.445509 0.011209
9.446047 0.011207
9.446544 0.011206
9.448558 0.011201
9.453561 0.011189
9.455573 0.011185
9.455960 0.011184
9.456273 0.011183
9.457023 0.011181
9.459111 0.011176
9.459135 0.011176
9.459152 0.011176
9.459306 0.011176
9.459793 0.011175
9.459982 0.011174
9.462249 0.011169
9.464019 0.011165
9.464835 0.011163
9.465229 0.011162
9.465438 0.011161
9.465715 0.011161
9.467238 0.011157
9.467296 0.011157
9.467440 0.011157
9.470450 0.011150
9.470867 0.011149
9.471080 0.011148
9.471543 0.011147
9.475329 0.011138
9.475627 0.011137
9.476233 0.011136
9.476722 0.011135
9.478552 0.011131
9.481238 0.011124
9.481867 0.011123
9.482726 0.011121
9.484075 0.011118
9.485894 0.011113
9.488251 0.011108
9.488368 0.011108
9.488673 0.011107
9.489368 0.011105
9.491642 0.011100
9.493381 0.011096
9.495316 0.011091
9.498920 0.011083
9.500772 0.011079
9.501269 0.011077
9.503117 0.011073
9.506026 0.011066
9.506980 0.011064
9.508394 0.011061
9.509020 0.011059
9.511759 0.011053
9.512392 0.011051
9.512732 0.011051
9.515216 0.011045
9.515407 0.011044
9.516185 0.011043
9.516339 0.011042
9.517303 0.011040
9.517855 0.011039
9.518279 0.011038
9.519113 0.011036
9.519745 0.011034
9.520179 0.011033
9.521299 0.011031
9.526412 0.011019
9.527368 0.011017
9.531132 0.011008
9.531408 0.011007
9.534770 0.011000
9.536301 0.010996
9.536678 0.010995
9.536975 0.010995
9.538640 0.010991
9.540413 0.010987
9.543956 0.010979
9.545058 0.010976
9.545452 0.010975
9.545882 0.010974
9.546469 0.010973
9.548455 0.010968
9.550183 0.010964
9.552018 0.010960
9.553430 0.010957
9.554598 0.010954
9.556590 0.010949
9.557797 0.010947
9.559711 0.010942
9.561939 0.010937
9.563625 0.010933
9.563802 0.010933
9.564384 0.010932
9.564477 0.010931
9.565396 0.010929
9.565475 0.010929
9.566994 0.010926
9.568641 0.010922
9.569377 0.010920
9.571109 0.010916
9.571940 0.010914
9.572649 0.010913
9.577739 0.010901
9.579298 0.010898
9.583429 0.010888
9.585012 0.010885
9.586092 0.010882
9.588693 0.010876
9.588882 0.010876
9.592344 0.010868
9.593526 0.010865
9.594885 0.010862
9.595348 0.010861
9.595766 0.010860
9.596417 0.010859
9.597492 0.010856
9.597842 0.010856
9.602652 0.010845
9.602664 0.010845
9.603341 0.010843
9.605615 0.010838
9.607272 0.010834
9.607972 0.010833
9.610185 0.010828
9.613233 0.010821
9.614598 0.010818
9.614654 0.010818
9.615889 0.010815
9.617358 0.010812
9.617498 0.010811
9.618740 0.010808
9.620633 0.010804
9.621330 0.010803
9.622657 0.010800
9.623656 0.010797
9.624499 0.010796
9.624833 0.010795
9.625522 0.010793
9.628922 0.010786
9.629961 0.010783
9.630627 0.010782
9.633295 0.010776
9.635868 0.010770
9.636152 0.010769
9.636627 0.010768
9.637506 0.010766
9.638553 0.010764
9.639908 0.010761
9.640526 0.010760
9.640607 0.010759
9.643365 0.010753
9.644752 0.010750
9.646267 0.010747
9.647112 0.010745
9.647165 0.010745
9.648172 0.010743
9.649399 0.010740
9.649748 0.010739
9.653820 0.010730
9.654959 0.010728
9.655062 0.010727
9.656790 0.010723
9.657638 0.010722
9.662101 0.010712
9.662485 0.010711
9.664969 0.010705
9.665741 0.010704
9.666672 0.010702
9.669191 0.010696
9.672266 0.010689
9.674166 0.010685
9.675378 0.010682
9.678014 0.010676
9.683137 0.010665
9.684955 0.010661
9.686727 0.010657
9.686983 0.010657
9.689743 0.010651
9.689811 0.010650
9.689960 0.010650
9.690815 0.010648
9.692717 0.010644
9.693779 0.010642
9.693834 0.010642
9.693924 0.010641
9.695799 0.010637
9.696141 0.010637
9.698348 0.010632
9.698785 0.010631
9.703248 0.010621
9.704239 0.010619
9.707435 0.010612
9.709224 0.010608
9.709461 0.010607
9.709899 0.010606
9.711273 0.010603
9.712791 0.010600
9.713454 0.010599
9.715681 0.010594
9.717390 0.010590
9.718698 0.010587
9.718724 0.010587
9.720785 0.010583
9.723274 0.010577
9.723381 0.010577
9.725666 0.010572
9.726475 0.010570
9.726751 0.010570
9.726856 0.010570
9.728339 0.010566
9.728690 0.010566
9.729222 0.010564
9.729387 0.010564
9.729509 0.010564
9.729765 0.010563
9.730195 0.010562
9.730289 0.010562
9.734059 0.010554
9.734066 0.010554
9.734234 0.010553
9.734364 0.010553
9.734878 0.010552
9.738167 0.010545
9.739320 0.010542
9.739443 0.010542
9.740116 0.010541
9.740703 0.010539
9.741433 0.010538
9.742376 0.010536
9.742856 0.010535
9.743314 0.010534
9.759370 0.010499
9.760643 0.010496
9.763180 0.010491
9.763710 0.010490
9.764544 0.010488
9.764953 0.010487
9.766863 0.010483
9.767068 0.010483
9.767084 0.010483
9.769001 0.010479
9.769023 0.010478
9.769964 0.010476
9.770216 0.010476
9.771191 0.010474
9.772357 0.010471
9.773704 0.010468
9.775196 0.010465
9.775688 0.010464
9.776314 0.010463
9.777620 0.010460
9.779602 0.010456
9.780030 0.010455
9.780079 0.010455
9.781502 0.010452
9.781815 0.010451
9.783046 0.010448
9.783612 0.010447
9.786843 0.010440
9.788637 0.010437
9.788766 0.010436
9.789235 0.010435
9.789628 0.010434
9.791446 0.010431
9.792542 0.010428
9.792835 0.010428
9.793616 0.010426
9.795628 0.010422
9.797181 0.010418
9.799702 0.010413
9.800290 0.010412
9.802851 0.010406
9.803911 0.010404
9.804003 0.010404
9.806391 0.010399
9.807427 0.010397
9.808647 0.010394
9.810293 0.010390
9.810852 0.010389
9.812660 0.010385
9.812782 0.010385
9.813614 0.010383
9.813808 0.010383
9.814583 0.010381
9.818532 0.010373
9.818723 0.010373
9.818826 0.010372
9.819085 0.010372
9.819461 0.010371
9.820014 0.010370
9.820299 0.010369
9.822796 0.010364
9.823217 0.010363
9.823369 0.010363
9.824050 0.010361
9.824780 0.010360
9.824848 0.010360
9.825841 0.010358
9.828093 0.010353
9.828796 0.010351
9.831936 0.010345
9.833421 0.010342
9.834145 0.010340
9.834705 0.010339
9.838026 0.010332
9.838768 0.010330
9.839194 0.010330
9.839904 0.010328
9.846912 0.010313
9.850242 0.010306
9.854160 0.010298
9.854601 0.010297
9.854771 0.010297
9.855662 0.010295
9.856132 0.010294
9.858969 0.010288
9.859592 0.010287
9.861048 0.010284
9.861466 0.010283
9.864444 0.010277
9.866027 0.010273
9.866781 0.010272
9.866896 0.010272
9.867873 0.010270
9.869396 0.010266
9.872249 0.010260
9.874931 0.010255
9.875798 0.010253
9.877221 0.010250
9.879303 0.010246
9.882457 0.010239
9.883248 0.010238
9.883684 0.010237
9.883720 0.010237
9.884955 0.010234
9.886201 0.010232
9.887177 0.010230
9.887598 0.010229
9.887603 0.010229
9.887656 0.010229
9.888125 0.010228
9.888809 0.010226
9.889405 0.010225
9.889556 0.010225
9.890636 0.010222
9.890713 0.010222
9.891657 0.010220
9.892528 0.010218
9.892536 0.010218
9.893318 0.010217
9.893554 0.010216
9.897778 0.010208
9.900690 0.010202
9.901540 0.010200
9.902360 0.010198
9.903502 0.010196
9.904234 0.010194
9.905131 0.010192
9.907307 0.010188
9.907641 0.010187
9.907969 0.010187
9.909099 0.010184
9.914786 0.010173
9.916268 0.010170
9.920354 0.010161
9.922105 0.010158
9.924238 0.010153
9.925100 0.010151
9.925228 0.010151
9.926738 0.010148
9.927738 0.010146
9.929676 0.010142
9.930561 0.010140
9.931690 0.010138
9.933077 0.010135
9.933355 0.010135
9.935885 0.010129
9.938149 0.010125
9.939785 0.010122
9.941884 0.010117
9.941982 0.010117
9.942864 0.010115
9.944588 0.010112
9.945519 0.010110
9.948115 0.010105
9.948791 0.010103
9.949107 0.010103
9.950015 0.010101
9.951263 0.010098
9.954019 0.010093
9.954218 0.010092
9.954922 0.010091
9.955497 0.010090
9.957304 0.010086
9.957975 0.010085
9.964134 0.010072
9.964462 0.010071
9.964641 0.010071
9.969683 0.010061
9.970550 0.010059
9.977010 0.010046
9.977085 0.010046
9.978115 0.010044
9.978587 0.010043
9.978696 0.010043
9.978870 0.010042
9.979102 0.010042
9.980545 0.010039
9.981423 0.010037
9.981635 0.010037
9.981741 0.010037
9.984669 0.010031
9.985718 0.010029
9.988121 0.010024
9.988862 0.010022
9.991873 0.010016
9.994722 0.010011
9.995038 0.010010
9.995813 0.010008
9.996536 0.010007
9.997414 0.010005
9.997759 0.010004
9.998669 0.010003
9.999261 0.010001
