500.000000 2.000000
3.006318 0.110645
3.025733 0.109229
3.056634 0.107032
3.061451 0.106695
3.105759 0.103673
3.108584 0.103484
3.121048 0.102660
3.130999 0.102008
3.177698 0.099032
3.205541 0.097319
3.253229 0.094487
3.273707 0.093308
3.301111 0.091766
3.303401 0.091638
3.307785 0.091396
3.309869 0.091281
3.313350 0.091089
3.317114 0.090882
3.323723 0.090521
3.364403 0.088345
3.365041 0.088312
3.368932 0.088108
3.377024 0.087686
3.397984 0.086608
3.427869 0.085104
3.442602 0.084377
3.443738 0.084322
3.449505 0.084040
3.470558 0.083024
3.473922 0.082863
3.507804 0.081270
3.518599 0.080772
3.571588 0.078393
3.573431 0.078312
3.583880 0.077856
3.640659 0.075447
3.663543 0.074507
3.676303 0.073991
3.692026 0.073362
3.692600 0.073339
3.700673 0.073019
3.706392 0.072794
3.719099 0.072298
3.723345 0.072133
3.737380 0.071592
3.752977 0.070998
3.763794 0.070591
3.767284 0.070460
3.777797 0.070068
3.780363 0.069973
3.787034 0.069727
3.799755 0.069261
3.829596 0.068186
3.834082 0.068026
3.835889 0.067962
3.870620 0.066748
3.883529 0.066305
3.894928 0.065918
3.896485 0.065865
3.904176 0.065606
3.926822 0.064851
3.932459 0.064665
3.941594 0.064366
3.942929 0.064322
3.944878 0.064259
3.949776 0.064100
3.981504 0.063082
3.985510 0.062955
4.019186 0.061905
4.020542 0.061863
4.029247 0.061596
4.051590 0.060918
4.068756 0.060406
4.073584 0.060262
4.095061 0.059632
4.135176 0.058481
4.141549 0.058301
4.146003 0.058176
4.147995 0.058120
4.234396 0.055772
4.243584 0.055531
4.245814 0.055473
4.249549 0.055375
4.252338 0.055302
4.256145 0.055204
4.273339 0.054760
4.283885 0.054491
4.285488 0.054450
4.307805 0.053887
4.335511 0.053201
4.356778 0.052683
4.357393 0.052668
4.378684 0.052157
4.406250 0.051506
4.407344 0.051481
4.416287 0.051273
4.422624 0.051126
4.424779 0.051076
4.427239 0.051019
4.431225 0.050928
4.433517 0.050875
4.465113 0.050157
4.476784 0.049896
4.500073 0.049381
4.504899 0.049275
4.507169 0.049226
4.517478 0.049001
4.601636 0.047225
4.615825 0.046935
4.681763 0.045623
4.690517 0.045453
4.692673 0.045411
4.704558 0.045182
4.725284 0.044786
4.757855 0.044175
4.804884 0.043315
4.823601 0.042979
4.829561 0.042873
4.830591 0.042855
4.852595 0.042467
4.854723 0.042430
4.863440 0.042278
4.886753 0.041875
4.890106 0.041818
4.900440 0.041642
4.910669 0.041469
4.923468 0.041253
4.935630 0.041050
4.940681 0.040966
4.948501 0.040837
4.971107 0.040466
5.003925 0.039937
5.009589 0.039847
5.018565 0.039705
5.042889 0.039323
5.069991 0.038903
5.077254 0.038792
5.088411 0.038622
5.125663 0.038063
5.130393 0.037993
5.147093 0.037746
5.152424 0.037668
5.154412 0.037639
5.174051 0.037354
5.190139 0.037123
5.204882 0.036913
5.236471 0.036469
5.238164 0.036445
5.247455 0.036316
5.248947 0.036296
5.260583 0.036135
5.263740 0.036092
5.273239 0.035962
5.280371 0.035865
5.291289 0.035717
5.310028 0.035466
5.361617 0.034786
5.382378 0.034518
5.431502 0.033897
5.440972 0.033779
5.462675 0.033511
5.466172 0.033468
5.486171 0.033225
5.491706 0.033158
5.497690 0.033086
5.521043 0.032806
5.521271 0.032804
5.553438 0.032425
5.611277 0.031760
5.653108 0.031291
5.653885 0.031283
5.655074 0.031270
5.661768 0.031196
5.693728 0.030847
5.701633 0.030761
5.704895 0.030726
5.707446 0.030698
5.711322 0.030657
5.715252 0.030615
5.725635 0.030504
5.727209 0.030487
5.727877 0.030480
5.750250 0.030243
5.765579 0.030083
5.786772 0.029863
5.807903 0.029646
5.827229 0.029449
5.833406 0.029387
5.848032 0.029240
5.848939 0.029231
5.903200 0.028696
5.904634 0.028682
5.925034 0.028485
5.928825 0.028449
5.963005 0.028124
5.968985 0.028067
5.978700 0.027976
6.003129 0.027749
6.014997 0.027639
6.035909 0.027448
6.044803 0.027368
6.048964 0.027330
6.051993 0.027303
6.079775 0.027054
6.084982 0.027007
6.095669 0.026913
6.162206 0.026335
6.166257 0.026300
6.174693 0.026228
6.176486 0.026213
6.185485 0.026137
6.188388 0.026112
6.194024 0.026065
6.196149 0.026047
6.202335 0.025995
6.221549 0.025835
6.225274 0.025804
6.233606 0.025735
6.237110 0.025706
6.241901 0.025666
6.245508 0.025637
6.253325 0.025573
6.261441 0.025507
6.270508 0.025433
6.330041 0.024957
6.345790 0.024833
6.349351 0.024805
6.351039 0.024792
6.373724 0.024616
6.379073 0.024575
6.392276 0.024473
6.402277 0.024397
6.416072 0.024292
6.440991 0.024104
6.445192 0.024073
6.464845 0.023927
6.486999 0.023764
6.504494 0.023636
6.554647 0.023276
6.566224 0.023194
6.578327 0.023108
6.596034 0.022984
6.613713 0.022862
6.619109 0.022824
6.632925 0.022729
6.663060 0.022524
6.668165 0.022490
6.683297 0.022388
6.688593 0.022353
6.689024 0.022350
6.743402 0.021991
6.759667 0.021885
6.763293 0.021862
6.825789 0.021463
6.831397 0.021428
6.836328 0.021397
6.838933 0.021381
6.840418 0.021371
6.859776 0.021251
6.860911 0.021244
6.909419 0.020947
6.921550 0.020873
6.939827 0.020764
6.946749 0.020722
6.956763 0.020663
6.959174 0.020648
6.960650 0.020640
6.991207 0.020460
6.993089 0.020449
6.993559 0.020446
7.004346 0.020383
7.012200 0.020337
7.048788 0.020127
7.069405 0.020009
7.078221 0.019960
7.078646 0.019957
7.115844 0.019749
7.120707 0.019722
7.124587 0.019701
7.128691 0.019678
7.156049 0.019528
7.182592 0.019384
7.193157 0.019327
7.206568 0.019255
7.211052 0.019231
7.211933 0.019226
7.242280 0.019066
7.258969 0.018978
7.265975 0.018941
7.291711 0.018808
7.302255 0.018754
7.308586 0.018721
7.313006 0.018699
7.318365 0.018671
7.330364 0.018610
7.339514 0.018564
7.347238 0.018525
7.354112 0.018490
7.378348 0.018369
7.386542 0.018328
7.400743 0.018258
7.412560 0.018200
7.428963 0.018119
7.436388 0.018083
7.440693 0.018062
7.454646 0.017995
7.464595 0.017947
7.474694 0.017898
7.483306 0.017857
7.498206 0.017786
7.500784 0.017774
7.512239 0.017720
7.513985 0.017712
7.539893 0.017590
7.541400 0.017583
7.544266 0.017570
7.551637 0.017535
7.566878 0.017465
7.579769 0.017406
7.582712 0.017392
7.583242 0.017390
7.624410 0.017202
7.629190 0.017181
7.639663 0.017134
7.681554 0.016947
7.691828 0.016902
7.730594 0.016733
7.734931 0.016714
7.737778 0.016702
7.769493 0.016566
7.793569 0.016464
7.806574 0.016409
7.815366 0.016372
7.829450 0.016313
7.836590 0.016283
7.841815 0.016262
7.853228 0.016214
7.855477 0.016205
7.861748 0.016179
7.888504 0.016070
7.910971 0.015979
7.926048 0.015918
7.944821 0.015843
7.968200 0.015750
7.969462 0.015745
8.001602 0.015619
8.004773 0.015606
8.004887 0.015606
8.013460 0.015573
8.016560 0.015561
8.017524 0.015557
8.019573 0.015549
8.035802 0.015486
8.053479 0.015418
8.072728 0.015345
8.078476 0.015323
8.078574 0.015323
8.096556 0.015255
8.147255 0.015065
8.164054 0.015003
8.172703 0.014972
8.188684 0.014913
8.190152 0.014908
8.227572 0.014773
8.240524 0.014726
8.249654 0.014694
8.258349 0.014663
8.290907 0.014548
8.290965 0.014548
8.302579 0.014507
8.316232 0.014459
8.330659 0.014409
8.335695 0.014392
8.341540 0.014372
8.356194 0.014321
8.376896 0.014251
8.378733 0.014244
8.390512 0.014204
8.406149 0.014152
8.416272 0.014118
8.439090 0.014041
8.447763 0.014013
8.464238 0.013958
8.472193 0.013932
8.494976 0.013857
8.505624 0.013823
8.528137 0.013750
8.531910 0.013737
8.548594 0.013684
8.567458 0.013624
8.602047 0.013514
8.603497 0.013510
8.607681 0.013497
8.628933 0.013430
8.647634 0.013372
8.671680 0.013298
8.680284 0.013272
8.705481 0.013195
8.719060 0.013154
8.735170 0.013106
8.739388 0.013093
8.758601 0.013036
8.774188 0.012989
8.778079 0.012978
8.805099 0.012898
8.818383 0.012859
8.819522 0.012856
8.853767 0.012757
8.871602 0.012706
8.874616 0.012697
8.889953 0.012653
8.891118 0.012650
8.908588 0.012600
8.916734 0.012577
8.958328 0.012461
8.963552 0.012446
8.964081 0.012445
8.976115 0.012411
8.982600 0.012394
8.985807 0.012385
9.003322 0.012337
9.011791 0.012313
9.014033 0.012307
9.024957 0.012277
9.030917 0.012261
9.032353 0.012257
9.040862 0.012234
9.057650 0.012189
9.089035 0.012105
9.090416 0.012101
9.102334 0.012070
9.102906 0.012068
9.109874 0.012050
9.113184 0.012041
9.166733 0.011901
9.176821 0.011875
9.186776 0.011849
9.193170 0.011832
9.253162 0.011679
9.286094 0.011597
9.304384 0.011551
9.328606 0.011491
9.338209 0.011468
9.354303 0.011428
9.387068 0.011349
9.408580 0.011297
9.421290 0.011266
9.426949 0.011253
9.427815 0.011251
9.428827 0.011248
9.435123 0.011233
9.436715 0.011229
9.454758 0.011187
9.459890 0.011174
9.461977 0.011170
9.510013 0.011057
9.518666 0.011037
9.570525 0.010918
9.589837 0.010874
9.595705 0.010860
9.596793 0.010858
9.603069 0.010844
9.605462 0.010838
9.631959 0.010779
9.638336 0.010765
9.650837 0.010737
9.655867 0.010725
9.676648 0.010679
9.678371 0.010676
9.683520 0.010664
9.702340 0.010623
9.708856 0.010609
9.710532 0.010605
9.711641 0.010603
9.719079 0.010586
9.744878 0.010530
9.791034 0.010431
9.791646 0.010430
9.791798 0.010430
9.802246 0.010408
9.819381 0.010371
9.827063 0.010355
9.829090 0.010351
9.833341 0.010342
9.836976 0.010334
9.859471 0.010287
9.879525 0.010245
9.889349 0.010225
9.891208 0.010221
9.899101 0.010205
9.907220 0.010188
9.941022 0.010119
9.944927 0.010111
9.945895 0.010109
9.946054 0.010109
9.949529 0.010102
9.953078 0.010095
9.956435 0.010088
9.967894 0.010065
9.972928 0.010054
