50.000000 2.000000
3.025255 0.109264
3.373143 0.087888
3.608458 0.076799
3.667958 0.074328
3.766373 0.070494
4.451955 0.050454
4.456095 0.050361
4.543725 0.048437
4.584118 0.047587
4.607042 0.047115
4.621900 0.046812
4.642369 0.046400
4.717257 0.044939
4.793674 0.043517
5.087801 0.038631
5.194001 0.037068
5.232628 0.036522
5.359222 0.034817
5.426922 0.033954
5.480325 0.033296
5.712884 0.030640
5.956204 0.028188
6.401776 0.024401
6.629926 0.022750
6.860466 0.021247
7.104487 0.019812
7.222320 0.019171
7.314577 0.018691
7.424286 0.018142
7.482455 0.017861
7.624486 0.017202
7.638580 0.017139
7.826496 0.016325
7.991915 0.015657
8.025513 0.015526
8.245902 0.014707
8.278996 0.014590
8.302402 0.014507
8.549546 0.013681
8.842376 0.012790
8.849908 0.012768
8.863011 0.012730
8.895999 0.012636
8.910781 0.012594
8.957601 0.012463
9.109141 0.012052
9.124841 0.012010
9.381836 0.011361
9.536450 0.010996
9.557226 0.010948
