1000.000000 2.000000
3.005852 0.110679
3.014135 0.110071
3.016826 0.109875
3.020553 0.109604
3.032327 0.108755
3.040104 0.108199
3.040651 0.108160
3.041543 0.108097
3.047646 0.107664
3.053076 0.107282
3.056627 0.107032
3.059302 0.106845
3.060924 0.106732
3.070266 0.106084
3.070560 0.106063
3.071320 0.106011
3.071708 0.105984
3.075098 0.105750
3.080834 0.105357
3.088627 0.104826
3.099594 0.104086
3.113760 0.103141
3.113986 0.103126
3.117484 0.102894
3.123619 0.102491
3.127092 0.102263
3.130659 0.102030
3.133183 0.101866
3.140529 0.101390
3.141133 0.101351
3.155101 0.100455
3.158162 0.100261
3.169736 0.099530
3.172301 0.099369
3.180204 0.098876
3.183008 0.098702
3.187434 0.098428
3.202962 0.097476
3.210916 0.096993
3.216281 0.096670
3.219744 0.096462
3.231726 0.095748
3.238526 0.095347
3.241990 0.095143
3.250394 0.094652
3.257397 0.094245
3.259170 0.094143
3.297961 0.091941
3.298971 0.091885
3.300441 0.091803
3.303444 0.091636
3.303949 0.091608
3.304325 0.091587
3.305024 0.091548
3.329044 0.090232
3.334405 0.089942
3.342175 0.089524
3.372098 0.087943
3.375995 0.087740
3.377025 0.087686
3.380899 0.087485
3.400180 0.086496
3.405067 0.086248
3.411627 0.085917
3.414485 0.085773
3.422950 0.085349
3.426423 0.085176
3.432762 0.084862
3.433440 0.084828
3.444962 0.084262
3.454549 0.083795
3.461154 0.083475
3.464372 0.083320
3.473864 0.082866
3.475078 0.082808
3.475116 0.082806
3.484211 0.082374
3.497834 0.081734
3.508202 0.081251
3.522027 0.080615
3.533392 0.080097
3.539443 0.079823
3.551202 0.079296
3.553300 0.079202
3.557118 0.079032
3.565515 0.078660
3.573954 0.078289
3.584449 0.077831
3.585359 0.077792
3.594235 0.077408
3.612853 0.076612
3.631450 0.075830
3.635118 0.075677
3.635574 0.075658
3.635804 0.075648
3.636637 0.075614
3.654704 0.074868
3.658694 0.074705
3.662147 0.074564
3.672423 0.074147
3.683929 0.073685
3.686769 0.073571
3.688374 0.073507
3.691655 0.073377
3.698851 0.073091
3.711409 0.072598
3.713911 0.072500
3.719572 0.072279
3.724405 0.072092
3.725075 0.072066
3.725431 0.072052
3.727642 0.071967
3.732432 0.071782
3.737210 0.071599
3.739646 0.071505
3.751760 0.071044
3.755898 0.070888
3.757204 0.070839
3.773811 0.070217
3.774254 0.070200
3.776107 0.070131
3.778523 0.070042
3.782512 0.069894
3.783234 0.069867
3.789581 0.069633
3.791817 0.069551
3.805069 0.069068
3.818025 0.068600
3.819114 0.068561
3.819737 0.068538
3.820137 0.068524
3.821640 0.068470
3.824593 0.068364
3.845153 0.067635
3.847854 0.067540
3.852944 0.067362
3.863970 0.066978
3.873075 0.066664
3.883095 0.066320
3.894139 0.065944
3.906302 0.065534
3.910074 0.065408
3.915331 0.065232
3.919152 0.065105
3.932456 0.064665
3.935485 0.064566
3.947989 0.064158
3.955480 0.063915
3.955659 0.063909
3.963954 0.063642
3.978477 0.063178
3.982162 0.063061
3.997794 0.062569
4.002843 0.062411
4.007578 0.062264
4.012943 0.062097
4.016970 0.061973
4.040004 0.061268
4.041702 0.061217
4.045403 0.061105
4.050982 0.060937
4.063246 0.060569
4.069865 0.060373
4.074807 0.060226
4.087973 0.059839
4.093763 0.059670
4.096534 0.059589
4.100526 0.059473
4.109519 0.059213
4.109665 0.059209
4.130144 0.058623
4.130388 0.058616
4.135282 0.058478
4.141780 0.058294
4.148319 0.058111
4.148716 0.058100
4.151345 0.058026
4.152336 0.057998
4.156260 0.057889
4.157226 0.057862
4.175679 0.057352
4.175914 0.057345
4.177039 0.057314
4.188017 0.057014
4.203879 0.056585
4.204036 0.056581
4.223800 0.056052
4.226876 0.055971
4.238348 0.055668
4.239937 0.055626
4.242741 0.055553
4.244440 0.055508
4.251209 0.055332
4.261772 0.055058
4.271823 0.054799
4.276147 0.054688
4.284338 0.054479
4.299086 0.054106
4.307415 0.053897
4.312209 0.053777
4.323419 0.053499
4.330137 0.053333
4.330979 0.053312
4.331195 0.053307
4.337464 0.053153
4.342881 0.053021
4.345783 0.052950
4.346307 0.052937
4.348021 0.052895
4.360721 0.052588
4.375379 0.052236
4.381335 0.052094
4.384426 0.052020
4.385387 0.051998
4.388675 0.051920
4.394182 0.051790
4.395422 0.051761
4.403819 0.051563
4.407916 0.051468
4.410986 0.051396
4.422651 0.051125
4.438867 0.050752
4.448846 0.050525
4.449307 0.050514
4.451475 0.050465
4.452437 0.050443
4.474117 0.049956
4.486480 0.049681
4.493384 0.049528
4.495088 0.049491
4.514216 0.049072
4.517049 0.049011
4.526749 0.048801
4.529335 0.048745
4.544091 0.048429
4.552160 0.048258
4.553927 0.048220
4.561430 0.048062
4.574138 0.047795
4.588001 0.047506
4.599848 0.047262
4.608603 0.047083
4.610401 0.047046
4.611344 0.047027
4.619328 0.046864
4.634778 0.046552
4.638599 0.046476
4.652967 0.046189
4.661718 0.046016
4.669131 0.045870
4.687973 0.045502
4.693088 0.045403
4.693782 0.045389
4.700048 0.045268
4.713980 0.045001
4.751476 0.044294
4.773587 0.043884
4.781701 0.043736
4.781734 0.043735
4.787912 0.043622
4.810776 0.043209
4.838432 0.042716
4.848340 0.042542
4.855607 0.042414
4.859997 0.042338
4.866887 0.042218
4.874252 0.042090
4.879971 0.041992
4.892357 0.041780
4.901723 0.041620
4.909633 0.041486
4.912626 0.041436
4.913655 0.041418
4.914090 0.041411
4.922426 0.041271
4.926680 0.041199
4.933901 0.041079
4.956860 0.040699
4.959705 0.040653
4.961427 0.040624
4.973503 0.040427
4.975432 0.040396
4.975864 0.040389
4.979755 0.040326
4.993928 0.040097
5.008069 0.039871
5.013154 0.039790
5.025776 0.039591
5.026395 0.039581
5.027667 0.039561
5.028763 0.039544
5.034298 0.039457
5.038669 0.039388
5.049743 0.039216
5.057125 0.039101
5.058519 0.039080
5.072900 0.038859
5.085078 0.038673
5.086939 0.038644
5.094076 0.038536
5.096509 0.038499
5.105262 0.038368
5.120862 0.038134
5.131709 0.037973
5.131712 0.037973
5.133881 0.037941
5.137684 0.037885
5.139299 0.037861
5.140749 0.037840
5.145473 0.037770
5.149051 0.037718
5.168748 0.037431
5.169939 0.037414
5.172333 0.037379
5.179290 0.037279
5.180561 0.037260
5.190330 0.037120
5.202771 0.036943
5.208611 0.036860
5.213394 0.036792
5.220265 0.036696
5.228346 0.036582
5.234042 0.036503
5.235428 0.036483
5.239117 0.036432
5.242197 0.036389
5.247446 0.036317
5.250484 0.036274
5.258049 0.036170
5.269822 0.036009
5.280507 0.035863
5.287263 0.035772
5.294422 0.035675
5.301546 0.035579
5.308234 0.035489
5.310022 0.035466
5.312570 0.035432
5.318811 0.035348
5.320395 0.035327
5.321114 0.035318
5.327919 0.035228
5.344608 0.035008
5.345775 0.034993
5.347012 0.034977
5.356022 0.034859
5.366912 0.034718
5.371987 0.034652
5.374786 0.034616
5.383556 0.034503
5.389372 0.034429
5.396527 0.034338
5.402114 0.034267
5.406206 0.034215
5.430476 0.033910
5.447324 0.033700
5.453880 0.033619
5.457153 0.033579
5.475019 0.033360
5.479598 0.033304
5.485987 0.033227
5.492280 0.033151
5.494505 0.033124
5.514037 0.032890
5.517780 0.032845
5.523137 0.032781
5.532238 0.032674
5.537505 0.032612
5.539846 0.032584
5.542421 0.032554
5.543119 0.032546
5.544632 0.032528
5.559137 0.032358
5.577803 0.032142
5.583277 0.032079
5.583434 0.032077
5.587292 0.032033
5.590129 0.032000
5.595926 0.031934
5.603483 0.031848
5.604920 0.031832
5.610917 0.031764
5.613591 0.031734
5.641059 0.031425
5.641791 0.031417
5.659574 0.031220
5.664550 0.031165
5.672049 0.031083
5.674181 0.031059
5.679855 0.030997
5.698138 0.030799
5.705165 0.030723
5.705552 0.030719
5.706101 0.030713
5.708316 0.030689
5.712140 0.030648
5.714237 0.030626
5.715363 0.030613
5.716244 0.030604
5.721682 0.030546
5.722256 0.030540
5.723557 0.030526
5.732680 0.030429
5.733504 0.030420
5.740189 0.030349
5.745225 0.030296
5.751630 0.030229
5.755242 0.030191
5.757858 0.030163
5.768703 0.030050
5.779214 0.029941
5.783149 0.029900
5.793429 0.029794
5.795523 0.029772
5.802421 0.029702
5.821634 0.029506
5.824628 0.029476
5.826634 0.029455
5.831674 0.029404
5.834795 0.029373
5.843002 0.029291
5.858103 0.029140
5.858522 0.029136
5.864282 0.029078
5.873997 0.028982
5.875851 0.028964
5.878694 0.028936
5.880145 0.028922
5.881355 0.028910
5.888352 0.028841
5.894439 0.028782
5.903725 0.028691
5.907161 0.028658
5.911255 0.028618
5.914410 0.028588
5.915858 0.028574
5.928647 0.028450
5.951030 0.028237
5.953485 0.028214
5.960883 0.028144
5.981248 0.027952
6.002761 0.027752
6.006015 0.027722
6.011001 0.027676
6.015534 0.027634
6.017418 0.027617
6.032219 0.027482
6.035601 0.027451
6.039987 0.027411
6.046860 0.027349
6.063974 0.027195
6.065287 0.027183
6.073282 0.027111
6.089900 0.026964
6.090318 0.026960
6.107830 0.026806
6.108680 0.026798
6.112354 0.026766
6.115249 0.026741
6.116424 0.026730
6.120172 0.026698
6.122151 0.026680
6.125919 0.026648
6.152351 0.026419
6.164512 0.026315
6.167101 0.026293
6.176706 0.026211
6.185031 0.026141
6.196285 0.026046
6.197911 0.026032
6.207158 0.025955
6.208724 0.025942
6.216142 0.025880
6.229866 0.025766
6.248667 0.025611
6.259837 0.025520
6.265988 0.025470
6.271296 0.025426
6.283281 0.025330
6.286020 0.025307
6.290271 0.025273
6.291185 0.025266
6.320794 0.025030
6.331769 0.024943
6.333716 0.024928
6.339955 0.024879
6.343058 0.024854
6.346654 0.024826
6.347973 0.024816
6.355097 0.024760
6.355541 0.024757
6.361764 0.024708
6.362895 0.024700
6.382371 0.024549
6.396295 0.024442
6.407787 0.024355
6.407863 0.024354
6.411692 0.024325
6.424995 0.024224
6.432777 0.024166
6.436950 0.024135
6.445098 0.024074
6.448183 0.024051
6.451378 0.024027
6.458852 0.023971
6.460691 0.023958
6.468686 0.023898
6.471504 0.023878
6.475583 0.023847
6.484077 0.023785
6.494390 0.023710
6.505053 0.023632
6.512438 0.023578
6.524940 0.023488
6.539762 0.023382
6.542478 0.023362
6.550423 0.023306
6.553408 0.023284
6.559891 0.023238
6.560656 0.023233
6.568714 0.023176
6.579466 0.023100
6.580244 0.023095
6.586576 0.023051
6.597501 0.022974
6.600563 0.022953
6.603520 0.022932
6.603561 0.022932
6.610270 0.022886
6.610499 0.022884
6.622239 0.022803
6.623758 0.022792
6.628524 0.022760
6.642313 0.022665
6.661920 0.022532
6.662693 0.022527
6.663383 0.022522
6.667135 0.022497
6.667305 0.022496
6.676787 0.022432
6.686289 0.022368
6.688652 0.022352
6.709096 0.022216
6.711559 0.022200
6.728217 0.022090
6.735885 0.022040
6.740725 0.022008
6.741146 0.022006
6.742452 0.021997
6.745932 0.021974
6.763651 0.021859
6.770863 0.021813
6.783885 0.021729
6.814196 0.021536
6.827097 0.021455
6.827818 0.021450
6.853703 0.021289
6.857389 0.021266
6.861799 0.021239
6.868900 0.021195
6.908146 0.020954
6.910049 0.020943
6.913035 0.020925
6.913112 0.020924
6.914470 0.020916
6.915384 0.020911
6.920893 0.020877
6.928134 0.020834
6.936260 0.020785
6.940369 0.020760
6.943225 0.020743
6.947358 0.020719
6.951559 0.020694
6.952738 0.020687
6.953958 0.020679
6.972865 0.020567
6.978621 0.020533
6.984346 0.020500
6.998623 0.020416
7.004794 0.020380
7.007752 0.020363
7.018253 0.020302
7.035784 0.020201
7.040183 0.020176
7.041359 0.020169
7.042700 0.020161
7.065592 0.020031
7.073867 0.019984
7.077108 0.019966
7.079693 0.019951
7.082137 0.019938
7.089683 0.019895
7.094894 0.019866
7.096822 0.019855
7.105794 0.019805
7.105896 0.019804
7.117869 0.019738
7.120011 0.019726
7.124321 0.019702
7.130768 0.019667
7.146399 0.019581
7.162400 0.019493
7.171144 0.019446
7.175355 0.019423
7.179368 0.019401
7.187586 0.019357
7.188919 0.019350
7.190903 0.019339
7.217660 0.019196
7.224129 0.019161
7.229876 0.019131
7.230410 0.019128
7.255384 0.018997
7.269793 0.018922
7.273840 0.018900
7.277353 0.018882
7.280575 0.018866
7.283810 0.018849
7.285969 0.018838
7.286557 0.018835
7.289310 0.018820
7.299485 0.018768
7.315015 0.018688
7.319614 0.018665
7.324140 0.018642
7.325062 0.018637
7.334898 0.018587
7.337924 0.018572
7.344245 0.018540
7.347638 0.018523
7.352204 0.018500
7.357499 0.018473
7.359073 0.018465
7.364412 0.018438
7.368536 0.018418
7.375695 0.018382
7.379055 0.018365
7.398138 0.018271
7.398782 0.018268
7.404241 0.018241
7.406505 0.018229
7.423791 0.018145
7.425566 0.018136
7.431741 0.018106
7.434466 0.018093
7.449967 0.018017
7.453981 0.017998
7.457999 0.017979
7.477311 0.017886
7.483075 0.017858
7.494521 0.017804
7.495506 0.017799
7.501352 0.017771
7.506453 0.017747
7.518174 0.017692
7.522535 0.017671
7.527913 0.017646
7.532223 0.017626
7.541806 0.017581
7.544647 0.017568
7.544824 0.017567
7.545324 0.017565
7.545613 0.017563
7.552596 0.017531
7.558473 0.017504
7.570526 0.017448
7.576267 0.017422
7.614539 0.017247
7.623826 0.017205
7.635092 0.017154
7.639325 0.017135
7.640159 0.017131
7.651411 0.017081
7.651438 0.017081
7.662544 0.017032
7.673218 0.016984
7.690309 0.016909
7.690874 0.016906
7.692142 0.016901
7.702324 0.016856
7.712041 0.016814
7.713026 0.016809
7.723972 0.016762
7.733453 0.016721
7.740683 0.016689
7.742230 0.016683
7.767276 0.016575
7.768687 0.016569
7.772822 0.016552
7.777869 0.016530
7.782090 0.016512
7.788073 0.016487
7.789928 0.016479
7.806072 0.016411
7.813133 0.016381
7.818892 0.016357
7.820678 0.016350
7.827299 0.016322
7.830463 0.016309
7.831049 0.016306
7.833821 0.016295
7.835631 0.016287
7.870491 0.016143
7.871112 0.016141
7.884513 0.016086
7.886311 0.016079
7.922180 0.015933
7.924395 0.015925
7.926593 0.015916
7.936033 0.015878
7.951720 0.015815
7.952785 0.015811
7.966793 0.015756
7.967420 0.015753
7.968046 0.015751
7.974587 0.015725
7.982286 0.015694
7.987906 0.015672
7.992612 0.015654
8.008203 0.015593
8.021506 0.015541
8.027351 0.015519
8.033177 0.015496
8.041960 0.015462
8.055623 0.015410
8.058810 0.015398
8.063476 0.015380
8.063859 0.015379
8.072554 0.015345
8.074353 0.015339
8.078047 0.015325
8.086472 0.015293
8.086643 0.015292
8.094859 0.015261
8.097304 0.015252
8.106805 0.015216
8.110998 0.015200
8.113471 0.015191
8.115532 0.015183
8.127908 0.015137
8.130066 0.015129
8.130801 0.015126
8.131274 0.015125
8.138776 0.015097
8.141950 0.015085
8.143674 0.015079
8.165207 0.014999
8.165995 0.014996
8.174093 0.014967
8.176117 0.014959
8.180490 0.014943
8.180912 0.014942
8.183177 0.014933
8.198115 0.014879
8.202069 0.014865
8.202175 0.014864
8.210124 0.014835
8.213229 0.014824
8.218099 0.014807
8.219198 0.014803
8.226522 0.014776
8.243278 0.014716
8.243748 0.014715
8.249187 0.014695
8.249451 0.014694
8.253144 0.014681
8.264704 0.014640
8.265538 0.014637
8.280547 0.014584
8.280889 0.014583
8.283238 0.014575
8.286997 0.014561
8.287598 0.014559
8.293057 0.014540
8.305796 0.014496
8.324926 0.014429
8.326151 0.014425
8.326415 0.014424
8.327230 0.014421
8.344123 0.014363
8.351715 0.014337
8.363753 0.014295
8.383865 0.014227
8.385395 0.014222
8.411338 0.014134
8.411465 0.014134
8.420258 0.014104
8.470796 0.013936
8.485440 0.013888
8.494449 0.013859
8.494512 0.013859
8.496510 0.013852
8.513028 0.013798
8.516767 0.013786
8.519661 0.013777
8.524823 0.013760
8.544936 0.013696
8.553100 0.013670
8.559657 0.013649
8.562900 0.013638
8.567817 0.013623
8.573069 0.013606
8.573097 0.013606
8.590153 0.013552
8.591911 0.013546
8.599878 0.013521
8.618501 0.013463
8.627165 0.013436
8.639136 0.013399
8.652122 0.013358
8.662034 0.013328
8.664679 0.013320
8.667706 0.013310
8.675388 0.013287
8.678827 0.013276
8.683446 0.013262
8.686991 0.013251
8.705416 0.013195
8.710579 0.013180
8.712139 0.013175
8.720142 0.013151
8.731157 0.013118
8.742308 0.013084
8.745706 0.013074
8.758358 0.013036
8.783259 0.012962
8.785953 0.012955
8.789504 0.012944
8.792693 0.012935
8.802590 0.012906
8.805899 0.012896
8.816242 0.012866
8.819293 0.012857
8.819939 0.012855
8.832084 0.012820
8.853960 0.012756
8.859331 0.012741
8.861775 0.012734
8.866855 0.012719
8.868910 0.012713
8.876286 0.012692
8.878705 0.012685
8.879677 0.012683
8.884026 0.012670
8.888202 0.012658
8.898530 0.012629
8.913529 0.012586
8.918028 0.012574
8.921861 0.012563
8.966900 0.012437
8.978423 0.012405
9.000412 0.012345
9.002110 0.012340
9.004209 0.012334
9.008318 0.012323
9.027539 0.012270
9.033441 0.012254
9.044093 0.012226
9.052660 0.012202
9.061031 0.012180
9.061982 0.012177
9.062510 0.012176
9.074691 0.012143
9.086369 0.012112
9.095803 0.012087
9.104584 0.012064
9.114989 0.012036
9.116737 0.012032
9.117786 0.012029
9.128375 0.012001
9.131173 0.011994
9.142885 0.011963
9.159057 0.011921
9.163657 0.011909
9.165155 0.011905
9.165612 0.011904
9.177552 0.011873
9.178890 0.011869
9.180655 0.011865
9.185744 0.011851
9.189602 0.011841
9.192562 0.011834
9.195258 0.011827
9.199401 0.011816
9.201651 0.011811
9.202546 0.011808
9.209605 0.011790
9.212674 0.011782
9.217427 0.011770
9.217761 0.011769
9.219104 0.011766
9.220974 0.011761
9.224653 0.011752
9.225135 0.011750
9.231133 0.011735
9.251772 0.011683
9.254720 0.011675
9.259997 0.011662
9.261301 0.011659
9.265684 0.011648
9.272275 0.011631
9.276272 0.011621
9.280526 0.011611
9.280893 0.011610
9.281126 0.011609
9.284890 0.011600
9.285854 0.011597
9.286061 0.011597
9.286833 0.011595
9.312360 0.011531
9.317004 0.011520
9.319672 0.011513
9.326582 0.011496
9.341087 0.011461
9.355113 0.011426
9.358188 0.011419
9.364135 0.011404
9.367227 0.011397
9.381277 0.011363
9.393873 0.011332
9.420492 0.011268
9.429461 0.011247
9.431022 0.011243
9.431091 0.011243
9.436764 0.011229
9.437624 0.011227
9.438849 0.011224
9.454968 0.011186
9.461650 0.011170
9.466049 0.011160
9.469217 0.011152
9.492540 0.011098
9.492921 0.011097
9.497438 0.011086
9.501186 0.011078
9.507012 0.011064
9.520104 0.011034
9.524777 0.011023
9.527130 0.011017
9.530506 0.011010
9.541665 0.010984
9.541754 0.010984
9.542824 0.010981
9.548672 0.010968
9.568999 0.010921
9.569862 0.010919
9.571947 0.010914
9.577275 0.010902
9.578058 0.010900
9.593054 0.010866
9.603393 0.010843
9.605737 0.010838
9.627726 0.010788
9.630013 0.010783
9.631320 0.010780
9.636267 0.010769
9.659967 0.010716
9.665663 0.010704
9.675780 0.010681
9.675904 0.010681
9.676926 0.010679
9.685030 0.010661
9.685058 0.010661
9.698303 0.010632
9.701743 0.010624
9.707400 0.010612
9.717170 0.010591
9.719344 0.010586
9.724967 0.010574
9.750618 0.010518
9.782433 0.010450
9.783726 0.010447
9.790250 0.010433
9.811119 0.010389
9.812888 0.010385
9.849416 0.010308
9.854143 0.010298
9.856708 0.010293
9.865329 0.010275
9.887078 0.010230
9.888814 0.010226
9.894370 0.010215
9.897029 0.010209
9.902078 0.010199
9.903959 0.010195
9.906321 0.010190
9.908214 0.010186
9.911392 0.010180
9.917771 0.010167
9.929389 0.010143
9.933827 0.010134
9.937675 0.010126
9.948291 0.010104
9.949116 0.010103
9.956569 0.010087
9.971835 0.010057
9.980955 0.010038
9.982010 0.010036
9.982023 0.010036
9.989128 0.010022
9.996500 0.010007
