500.000000 2.000000
3.000985 0.111038
3.012676 0.110178
3.025813 0.109223
3.071124 0.106024
3.090084 0.104727
3.090352 0.104709
3.090830 0.104677
3.116430 0.102964
3.122546 0.102561
3.138942 0.101492
3.149077 0.100840
3.160517 0.100111
3.169736 0.099530
3.180919 0.098831
3.187689 0.098412
3.193073 0.098080
3.209022 0.097108
3.222018 0.096326
3.223142 0.096259
3.235527 0.095523
3.264456 0.093838
3.269397 0.093554
3.273529 0.093318
3.299434 0.091859
3.330614 0.090147
3.336137 0.089849
3.336835 0.089811
3.365950 0.088264
3.389384 0.087048
3.401319 0.086438
3.453470 0.083847
3.480261 0.082561
3.501887 0.081545
3.509982 0.081169
3.531759 0.080171
3.539289 0.079830
3.542976 0.079664
3.549519 0.079371
3.560419 0.078886
3.594327 0.077404
3.608134 0.076813
3.610825 0.076699
3.611870 0.076654
3.622085 0.076222
3.639257 0.075505
3.653945 0.074899
3.655587 0.074832
3.657934 0.074736
3.673193 0.074116
3.678890 0.073887
3.708736 0.072702
3.734344 0.071709
3.744786 0.071309
3.749071 0.071146
3.784726 0.069812
3.787529 0.069709
3.791563 0.069561
3.806328 0.069022
3.806964 0.068999
3.820971 0.068494
3.852673 0.067371
3.864087 0.066974
3.881259 0.066383
3.883068 0.066321
3.919560 0.065092
3.922424 0.064997
3.934087 0.064612
3.935042 0.064580
3.955680 0.063908
3.970919 0.063419
3.991454 0.062768
3.999265 0.062523
3.999774 0.062507
4.002555 0.062420
4.026790 0.061671
4.047595 0.061039
4.055638 0.060797
4.094734 0.059641
4.096896 0.059579
4.101986 0.059431
4.125080 0.058767
4.126745 0.058720
4.137272 0.058421
4.157407 0.057857
4.163419 0.057690
4.175484 0.057357
4.197005 0.056770
4.208023 0.056473
4.212956 0.056341
4.237228 0.055698
4.244871 0.055497
4.264781 0.054980
4.265638 0.054958
4.283023 0.054513
4.296495 0.054172
4.311696 0.053790
4.320157 0.053580
4.332395 0.053278
4.332719 0.053270
4.352294 0.052791
4.365215 0.052479
4.388405 0.051926
4.393506 0.051806
4.414537 0.051313
4.427079 0.051023
4.436048 0.050817
4.446151 0.050586
4.461858 0.050231
4.472576 0.049990
4.481222 0.049797
4.487631 0.049655
4.493575 0.049524
4.495050 0.049492
4.530279 0.048725
4.563513 0.048018
4.565470 0.047977
4.566247 0.047960
4.580986 0.047652
4.596464 0.047332
4.611471 0.047024
4.627606 0.046697
4.629546 0.046658
4.629843 0.046652
4.649459 0.046259
4.662451 0.046001
4.707248 0.045130
4.721822 0.044852
4.722163 0.044845
4.726870 0.044756
4.728714 0.044721
4.750694 0.044308
4.753159 0.044262
4.758817 0.044157
4.761029 0.044116
4.769788 0.043954
4.791283 0.043561
4.808413 0.043251
4.818044 0.043078
4.820000 0.043043
4.827820 0.042904
4.843238 0.042631
4.846297 0.042577
4.870424 0.042157
4.896542 0.041708
4.909605 0.041487
5.004586 0.039927
5.014717 0.039766
5.015440 0.039754
5.019006 0.039698
5.023386 0.039628
5.026695 0.039576
5.038518 0.039391
5.071713 0.038877
5.073522 0.038849
5.098064 0.038476
5.156092 0.037615
5.184398 0.037205
5.185608 0.037188
5.199653 0.036987
5.236798 0.036464
5.265960 0.036062
5.274386 0.035946
5.301926 0.035574
5.308447 0.035487
5.333230 0.035158
5.375364 0.034609
5.402352 0.034264
5.418666 0.034058
5.446647 0.033709
5.454107 0.033617
5.458080 0.033568
5.461243 0.033529
5.462901 0.033508
5.487119 0.033213
5.489954 0.033179
5.491434 0.033161
5.547957 0.032489
5.596298 0.031930
5.617867 0.031685
5.635129 0.031491
5.652204 0.031301
5.660156 0.031214
5.675549 0.031044
5.687143 0.030918
5.725639 0.030504
5.733463 0.030420
5.745536 0.030293
5.749097 0.030255
5.754040 0.030203
5.783150 0.029900
5.800676 0.029720
5.806933 0.029656
5.808025 0.029644
5.826551 0.029456
5.850909 0.029211
5.852779 0.029193
5.857456 0.029146
5.874710 0.028975
5.880630 0.028917
5.884007 0.028884
5.884730 0.028877
5.893373 0.028792
5.903294 0.028695
5.911657 0.028614
5.914569 0.028586
5.940352 0.028338
5.941015 0.028332
5.954127 0.028207
5.958182 0.028169
5.970585 0.028052
5.975075 0.028010
5.989476 0.027875
6.000838 0.027770
6.005998 0.027722
6.020202 0.027592
6.041138 0.027401
6.047182 0.027346
6.061157 0.027220
6.076079 0.027087
6.081891 0.027035
6.103305 0.026845
6.103457 0.026844
6.104770 0.026833
6.109486 0.026791
6.114831 0.026744
6.163041 0.026328
6.180358 0.026180
6.192958 0.026074
6.199281 0.026021
6.208227 0.025946
6.221970 0.025831
6.224492 0.025810
6.229187 0.025771
6.232567 0.025743
6.236111 0.025714
6.259452 0.025523
6.309184 0.025122
6.312164 0.025098
6.314062 0.025083
6.318489 0.025048
6.320143 0.025035
6.337954 0.024894
6.363406 0.024696
6.380793 0.024561
6.384620 0.024532
6.392312 0.024473
6.404350 0.024381
6.419998 0.024262
6.431471 0.024176
6.432001 0.024172
6.447249 0.024058
6.451197 0.024028
6.465055 0.023925
6.488376 0.023754
6.501626 0.023657
6.502101 0.023653
6.505422 0.023629
6.513815 0.023568
6.516702 0.023547
6.527122 0.023472
6.591407 0.023017
6.599543 0.022960
6.606695 0.022910
6.610255 0.022886
6.610288 0.022885
6.630013 0.022749
6.635096 0.022715
6.653110 0.022592
6.656965 0.022566
6.681076 0.022403
6.683626 0.022386
6.712969 0.022191
6.719515 0.022147
6.726996 0.022098
6.752976 0.021929
6.768957 0.021825
6.770396 0.021816
6.776044 0.021779
6.805876 0.021589
6.816476 0.021522
6.842327 0.021360
6.847898 0.021325
6.906216 0.020966
6.910151 0.020942
6.961705 0.020633
6.998225 0.020419
6.998699 0.020416
7.011262 0.020343
7.023858 0.020270
7.042708 0.020161
7.093623 0.019873
7.102195 0.019825
7.125124 0.019698
7.127392 0.019685
7.137686 0.019628
7.177517 0.019411
7.195303 0.019315
7.209480 0.019239
7.229794 0.019131
7.264595 0.018949
7.287455 0.018830
7.290942 0.018812
7.315560 0.018686
7.323620 0.018644
7.323817 0.018643
7.338346 0.018570
7.348543 0.018518
7.352879 0.018496
7.355912 0.018481
7.358068 0.018470
7.409174 0.018216
7.445297 0.018040
7.457197 0.017982
7.468474 0.017928
7.479192 0.017877
7.481088 0.017868
7.481150 0.017867
7.506656 0.017746
7.511933 0.017721
7.528125 0.017645
7.528462 0.017644
7.542642 0.017577
7.546433 0.017560
7.548400 0.017551
7.570724 0.017447
7.586383 0.017375
7.595705 0.017333
7.634500 0.017157
7.642177 0.017122
7.645428 0.017108
7.650017 0.017087
7.676062 0.016972
7.700042 0.016866
7.731512 0.016729
7.762794 0.016594
7.776638 0.016535
7.820137 0.016352
7.834322 0.016293
7.835262 0.016289
7.851119 0.016223
7.853030 0.016215
7.856121 0.016203
7.858632 0.016192
7.874290 0.016128
7.908016 0.015991
7.922996 0.015930
7.924949 0.015922
7.936904 0.015874
7.950760 0.015819
7.962941 0.015771
7.964076 0.015766
7.968980 0.015747
8.005260 0.015604
8.018408 0.015553
8.048898 0.015436
8.068096 0.015362
8.079665 0.015318
8.090388 0.015278
8.096238 0.015256
8.122729 0.015156
8.136568 0.015105
8.136794 0.015104
8.159438 0.015020
8.162863 0.015008
8.164211 0.015003
8.176491 0.014958
8.183086 0.014934
8.184813 0.014927
8.199181 0.014875
8.215054 0.014818
8.252959 0.014682
8.296656 0.014528
8.297845 0.014523
8.314897 0.014464
8.315253 0.014463
8.325839 0.014426
8.351811 0.014336
8.364046 0.014294
8.374884 0.014257
8.405381 0.014154
8.418862 0.014109
8.434870 0.014055
8.444565 0.014023
8.454992 0.013989
8.461374 0.013967
8.474683 0.013924
8.481777 0.013900
8.493750 0.013861
8.498868 0.013845
8.500607 0.013839
8.524068 0.013763
8.549669 0.013680
8.574483 0.013601
8.650489 0.013363
8.663549 0.013323
8.667965 0.013310
8.678074 0.013279
8.681467 0.013268
8.683946 0.013261
8.691760 0.013237
8.693953 0.013230
8.702259 0.013205
8.703235 0.013202
8.721660 0.013146
8.727827 0.013128
8.740810 0.013089
8.747369 0.013069
8.750701 0.013059
8.756940 0.013041
8.758098 0.013037
8.761562 0.013027
8.769090 0.013004
8.787286 0.012951
8.828883 0.012829
8.862878 0.012731
8.867871 0.012716
8.868370 0.012715
8.904473 0.012612
8.931501 0.012536
8.935301 0.012525
8.973265 0.012419
8.980044 0.012401
8.984323 0.012389
9.022315 0.012285
9.029822 0.012264
9.046575 0.012219
9.050515 0.012208
9.050644 0.012208
9.051525 0.012206
9.062740 0.012175
9.067159 0.012163
9.080484 0.012128
9.081407 0.012125
9.104356 0.012064
9.125931 0.012007
9.134724 0.011984
9.147221 0.011951
9.162071 0.011913
9.193810 0.011831
9.214283 0.011778
9.229675 0.011739
9.230702 0.011736
9.247450 0.011694
9.256729 0.011670
9.256915 0.011670
9.267679 0.011643
9.269998 0.011637
9.299762 0.011563
9.300121 0.011562
9.314903 0.011525
9.319948 0.011513
9.349467 0.011440
9.359795 0.011415
9.362216 0.011409
9.389451 0.011343
9.405833 0.011303
9.420311 0.011269
9.422932 0.011262
9.429934 0.011246
9.447890 0.011203
9.448099 0.011202
9.452012 0.011193
9.471962 0.011146
9.523870 0.011025
9.524903 0.011022
9.536416 0.010996
9.538324 0.010991
9.568358 0.010923
9.584313 0.010886
9.597008 0.010857
9.614755 0.010817
9.625139 0.010794
9.628025 0.010788
9.641989 0.010756
9.648128 0.010743
9.659112 0.010718
9.661837 0.010712
9.678555 0.010675
9.683834 0.010664
9.686214 0.010658
9.693303 0.010643
9.693673 0.010642
9.741431 0.010538
9.764885 0.010487
9.775123 0.010465
9.783392 0.010448
9.818557 0.010373
9.833691 0.010341
9.838544 0.010331
9.862894 0.010280
9.886980 0.010230
9.891998 0.010220
9.904605 0.010194
9.907257 0.010188
9.917704 0.010167
9.943963 0.010113
9.948469 0.010104
9.959123 0.010082
9.978983 0.010042
9.982843 0.010034
