1000.000000 2.000000
3.005743 0.110687
3.015086 0.110002
3.023476 0.109392
3.028590 0.109023
3.035304 0.108541
3.054402 0.107188
3.086383 0.104978
3.089233 0.104785
3.093909 0.104468
3.113281 0.103172
3.134594 0.101774
3.140982 0.101361
3.159615 0.100169
3.166134 0.099757
3.181313 0.098807
3.190971 0.098210
3.201518 0.097564
3.228586 0.095935
3.235393 0.095531
3.235769 0.095509
3.245011 0.094966
3.247699 0.094809
3.251058 0.094613
3.252248 0.094544
3.256716 0.094284
3.257034 0.094266
3.257572 0.094235
3.259046 0.094150
3.263611 0.093887
3.283934 0.092728
3.288617 0.092464
3.323156 0.090552
3.324860 0.090459
3.335444 0.089886
3.342877 0.089487
3.346457 0.089295
3.349575 0.089129
3.350725 0.089068
3.352835 0.088956
3.364209 0.088356
3.370308 0.088036
3.374680 0.087808
3.388502 0.087093
3.402452 0.086381
3.410091 0.085994
3.417529 0.085620
3.429772 0.085010
3.443025 0.084357
3.447757 0.084125
3.449458 0.084042
3.452214 0.083908
3.467619 0.083164
3.470371 0.083033
3.479053 0.082619
3.479598 0.082593
3.519998 0.080708
3.523371 0.080553
3.530098 0.080247
3.547601 0.079457
3.554630 0.079143
3.555081 0.079123
3.560601 0.078878
3.573702 0.078300
3.582737 0.077906
3.594141 0.077412
3.597657 0.077261
3.600177 0.077153
3.603731 0.077001
3.613476 0.076586
3.628924 0.075935
3.629057 0.075930
3.642512 0.075370
3.644385 0.075292
3.654103 0.074893
3.655841 0.074821
3.659488 0.074672
3.681490 0.073782
3.686550 0.073580
3.698438 0.073108
3.705586 0.072826
3.705637 0.072824
3.706044 0.072808
3.706205 0.072802
3.725149 0.072063
3.731640 0.071813
3.736713 0.071618
3.741087 0.071450
3.744326 0.071327
3.745062 0.071299
3.752518 0.071016
3.755817 0.070891
3.758903 0.070775
3.781410 0.069935
3.798493 0.069307
3.806045 0.069032
3.812802 0.068788
3.817466 0.068620
3.830531 0.068153
3.833417 0.068050
3.844383 0.067662
3.846965 0.067572
3.860079 0.067113
3.867490 0.066856
3.871921 0.066703
3.880747 0.066400
3.886704 0.066197
3.889537 0.066100
3.889957 0.066086
3.896950 0.065849
3.903715 0.065621
3.908710 0.065454
3.911238 0.065369
3.916105 0.065207
3.917698 0.065154
3.917928 0.065146
3.924729 0.064920
3.955289 0.063921
3.957358 0.063854
3.962506 0.063688
3.972861 0.063357
3.979303 0.063152
3.980069 0.063128
3.982546 0.063049
3.998532 0.062546
4.000006 0.062500
4.010176 0.062183
4.016327 0.061993
4.028534 0.061618
4.029128 0.061600
4.034285 0.061442
4.035110 0.061417
4.035792 0.061396
4.038104 0.061326
4.043649 0.061158
4.048641 0.061007
4.054413 0.060834
4.063888 0.060550
4.075644 0.060202
4.077582 0.060144
4.085480 0.059912
4.092538 0.059706
4.102648 0.059412
4.103149 0.059397
4.106759 0.059293
4.107002 0.059286
4.112551 0.059126
4.127457 0.058700
4.131050 0.058598
4.131190 0.058594
4.131733 0.058578
4.132543 0.058555
4.142950 0.058261
4.158334 0.057831
4.162301 0.057721
4.172590 0.057437
4.172818 0.057430
4.182151 0.057174
4.185385 0.057086
4.189351 0.056978
4.192818 0.056884
4.197137 0.056767
4.203734 0.056589
4.209398 0.056436
4.215335 0.056278
4.217375 0.056223
4.219099 0.056177
4.224708 0.056028
4.228860 0.055918
4.229719 0.055896
4.241169 0.055594
4.253100 0.055283
4.266986 0.054923
4.269308 0.054864
4.284689 0.054470
4.285309 0.054455
4.286239 0.054431
4.286727 0.054419
4.289663 0.054344
4.296913 0.054161
4.304498 0.053970
4.314275 0.053726
4.333826 0.053242
4.348571 0.052882
4.356447 0.052691
4.362310 0.052549
4.362706 0.052540
4.366713 0.052443
4.372245 0.052311
4.377686 0.052181
4.398591 0.051686
4.400506 0.051641
4.400652 0.051638
4.404743 0.051542
4.407153 0.051485
4.412541 0.051360
4.416879 0.051259
4.422683 0.051124
4.437525 0.050783
4.437733 0.050778
4.438232 0.050767
4.445427 0.050603
4.462545 0.050215
4.478771 0.049852
4.514925 0.049057
4.518229 0.048985
4.530987 0.048710
4.540129 0.048514
4.542262 0.048468
4.553496 0.048229
4.557222 0.048150
4.557463 0.048145
4.561375 0.048063
4.562329 0.048043
4.586656 0.047534
4.586970 0.047528
4.589416 0.047477
4.617408 0.046903
4.635293 0.046542
4.637673 0.046494
4.643537 0.046377
4.652373 0.046201
4.654383 0.046161
4.654588 0.046157
4.655242 0.046144
4.683000 0.045599
4.707439 0.045126
4.711963 0.045040
4.713427 0.045012
4.713855 0.045004
4.716643 0.044950
4.718750 0.044910
4.731575 0.044667
4.742448 0.044463
4.743530 0.044442
4.751047 0.044302
4.752214 0.044280
4.757780 0.044176
4.768983 0.043969
4.782085 0.043729
4.782829 0.043715
4.791092 0.043564
4.814668 0.043139
4.818906 0.043063
4.828889 0.042885
4.841409 0.042663
4.851056 0.042494
4.858621 0.042362
4.860982 0.042321
4.862461 0.042295
4.865491 0.042242
4.872564 0.042120
4.880111 0.041989
4.894581 0.041742
4.901670 0.041621
4.907980 0.041514
4.939860 0.040980
4.955083 0.040728
4.958546 0.040672
4.963549 0.040590
4.964620 0.040572
4.984251 0.040253
4.992207 0.040125
4.995790 0.040067
5.003141 0.039950
5.004523 0.039928
5.008240 0.039868
5.010429 0.039834
5.018197 0.039710
5.020655 0.039672
5.027543 0.039563
5.032211 0.039490
5.038661 0.039389
5.041408 0.039346
5.053722 0.039154
5.067436 0.038942
5.074661 0.038832
5.088378 0.038623
5.090964 0.038583
5.115019 0.038221
5.115896 0.038208
5.123839 0.038090
5.125675 0.038063
5.126438 0.038051
5.132508 0.037961
5.137114 0.037893
5.138218 0.037877
5.138417 0.037874
5.142934 0.037808
5.143702 0.037796
5.144770 0.037781
5.147404 0.037742
5.150211 0.037701
5.155404 0.037625
5.164087 0.037498
5.166167 0.037468
5.174327 0.037350
5.185163 0.037194
5.187770 0.037157
5.195172 0.037051
5.202627 0.036945
5.218339 0.036723
5.220998 0.036685
5.221414 0.036680
5.223016 0.036657
5.229514 0.036566
5.244447 0.036358
5.252491 0.036247
5.253709 0.036230
5.278339 0.035893
5.280999 0.035856
5.289889 0.035736
5.290984 0.035721
5.293799 0.035683
5.309051 0.035479
5.312347 0.035435
5.314940 0.035400
5.316963 0.035373
5.322850 0.035295
5.340163 0.035066
5.340915 0.035057
5.341105 0.035054
5.349143 0.034949
5.367641 0.034708
5.367814 0.034706
5.370684 0.034669
5.374720 0.034617
5.395481 0.034351
5.401137 0.034279
5.412340 0.034137
5.419238 0.034051
5.421597 0.034021
5.437402 0.033823
5.474767 0.033363
5.476799 0.033339
5.478164 0.033322
5.488484 0.033197
5.496400 0.033101
5.507085 0.032973
5.527783 0.032726
5.547829 0.032490
5.550032 0.032465
5.566121 0.032277
5.576938 0.032152
5.578452 0.032135
5.579675 0.032120
5.583230 0.032080
5.583792 0.032073
5.585449 0.032054
5.585752 0.032051
5.589335 0.032010
5.593784 0.031959
5.607050 0.031808
5.620867 0.031651
5.625385 0.031601
5.627326 0.031579
5.636119 0.031480
5.651448 0.031310
5.661377 0.031200
5.662073 0.031192
5.668326 0.031124
5.669062 0.031116
5.670073 0.031104
5.676708 0.031032
5.679171 0.031005
5.680915 0.030986
5.687176 0.030918
5.689346 0.030894
5.694015 0.030843
5.703092 0.030745
5.706760 0.030706
5.713146 0.030637
5.714033 0.030628
5.714456 0.030623
5.720779 0.030556
5.723550 0.030526
5.726290 0.030497
5.748548 0.030261
5.749333 0.030253
5.754958 0.030194
5.759984 0.030141
5.769902 0.030037
5.771338 0.030023
5.779424 0.029939
5.787807 0.029852
5.790784 0.029821
5.791177 0.029817
5.814141 0.029582
5.815447 0.029569
5.817018 0.029553
5.820674 0.029516
5.837976 0.029341
5.838401 0.029337
5.839494 0.029326
5.839521 0.029326
5.840711 0.029314
5.842929 0.029291
5.845534 0.029265
5.853262 0.029188
5.867565 0.029046
5.868420 0.029037
5.869140 0.029030
5.884179 0.028882
5.884760 0.028876
5.885904 0.028865
5.887874 0.028846
5.889843 0.028827
5.890571 0.028819
5.893137 0.028794
5.900096 0.028726
5.902701 0.028701
5.929039 0.028447
5.942926 0.028314
5.950468 0.028242
5.961764 0.028135
5.970898 0.028049
5.977416 0.027988
5.977474 0.027988
5.977915 0.027983
5.982423 0.027941
6.000774 0.027771
6.001877 0.027760
6.003493 0.027745
6.003780 0.027743
6.003976 0.027741
6.008500 0.027699
6.015184 0.027638
6.025707 0.027541
6.028306 0.027518
6.033631 0.027469
6.039110 0.027419
6.040833 0.027404
6.044488 0.027370
6.054294 0.027282
6.054425 0.027281
6.071900 0.027124
6.077782 0.027071
6.079528 0.027056
6.087382 0.026986
6.098857 0.026885
6.113343 0.026757
6.113915 0.026752
6.123620 0.026668
6.127649 0.026633
6.132775 0.026588
6.145577 0.026477
6.151576 0.026426
6.153127 0.026412
6.155926 0.026388
6.161616 0.026340
6.165526 0.026306
6.166542 0.026298
6.171145 0.026258
6.179982 0.026183
6.187384 0.026121
6.187673 0.026118
6.199874 0.026016
6.202375 0.025995
6.210461 0.025927
6.210551 0.025926
6.211219 0.025921
6.216481 0.025877
6.218331 0.025861
6.222383 0.025828
6.224933 0.025807
6.229212 0.025771
6.231041 0.025756
6.246125 0.025632
6.252800 0.025577
6.265793 0.025471
6.267043 0.025461
6.275451 0.025393
6.281083 0.025347
6.290802 0.025269
6.293044 0.025251
6.303127 0.025170
6.319226 0.025042
6.319805 0.025038
6.332735 0.024935
6.334784 0.024919
6.346176 0.024830
6.349591 0.024803
6.351040 0.024792
6.351290 0.024790
6.351826 0.024786
6.354805 0.024763
6.359161 0.024729
6.364379 0.024688
6.370634 0.024640
6.375184 0.024604
6.376810 0.024592
6.379593 0.024571
6.380892 0.024561
6.382221 0.024550
6.396230 0.024443
6.407609 0.024356
6.408546 0.024349
6.421227 0.024253
6.426632 0.024212
6.429416 0.024191
6.431625 0.024175
6.439442 0.024116
6.448934 0.024045
6.451976 0.024022
6.454285 0.024005
6.464114 0.023932
6.466947 0.023911
6.475403 0.023849
6.479746 0.023817
6.480763 0.023809
6.487714 0.023758
6.500687 0.023664
6.502573 0.023650
6.512354 0.023579
6.513413 0.023571
6.537595 0.023397
6.550660 0.023304
6.558514 0.023248
6.566875 0.023189
6.588717 0.023036
6.590471 0.023023
6.594254 0.022997
6.605593 0.022918
6.623631 0.022793
6.633248 0.022727
6.633372 0.022726
6.635563 0.022711
6.658346 0.022556
6.661661 0.022534
6.666328 0.022502
6.668259 0.022489
6.675085 0.022443
6.678905 0.022418
6.689778 0.022345
6.714103 0.022183
6.726007 0.022105
6.728183 0.022090
6.734000 0.022052
6.736285 0.022037
6.746036 0.021974
6.748156 0.021960
6.750174 0.021947
6.760946 0.021877
6.763157 0.021863
6.764982 0.021851
6.783286 0.021733
6.792201 0.021676
6.795513 0.021655
6.798376 0.021637
6.808233 0.021574
6.808537 0.021572
6.822078 0.021487
6.823887 0.021475
6.829680 0.021439
6.830985 0.021431
6.838286 0.021385
6.841128 0.021367
6.848648 0.021320
6.850449 0.021309
6.852679 0.021295
6.852771 0.021295
6.860629 0.021246
6.880358 0.021124
6.883691 0.021104
6.887269 0.021082
6.891660 0.021055
6.892355 0.021051
6.904750 0.020975
6.906866 0.020962
6.916437 0.020904
6.918724 0.020890
6.919859 0.020884
6.939967 0.020763
6.942843 0.020746
6.961802 0.020633
6.962704 0.020627
6.983835 0.020503
6.996354 0.020429
6.998779 0.020415
7.010667 0.020346
7.028005 0.020246
7.028196 0.020245
7.030217 0.020233
7.032511 0.020220
7.038600 0.020185
7.039242 0.020181
7.054467 0.020094
7.056062 0.020085
7.056082 0.020085
7.058456 0.020072
7.066497 0.020026
7.068192 0.020016
7.068479 0.020015
7.073928 0.019984
7.091426 0.019885
7.118436 0.019735
7.121388 0.019718
7.128278 0.019680
7.154241 0.019538
7.159978 0.019506
7.163478 0.019487
7.164231 0.019483
7.165813 0.019475
7.166226 0.019472
7.174281 0.019429
7.174924 0.019425
7.178880 0.019404
7.183078 0.019381
7.185694 0.019367
7.193555 0.019325
7.203593 0.019271
7.217682 0.019196
7.219445 0.019186
7.230699 0.019127
7.239930 0.019078
7.251033 0.019020
7.252204 0.019013
7.259335 0.018976
7.259391 0.018976
7.262385 0.018960
7.271508 0.018913
7.279277 0.018872
7.290785 0.018813
7.291274 0.018810
7.302038 0.018755
7.302633 0.018752
7.303991 0.018745
7.305807 0.018735
7.309429 0.018717
7.315825 0.018684
7.323742 0.018644
7.349520 0.018513
7.350201 0.018510
7.355754 0.018482
7.356126 0.018480
7.356464 0.018478
7.376682 0.018377
7.387104 0.018325
7.404119 0.018241
7.410977 0.018207
7.430935 0.018110
7.431807 0.018106
7.437251 0.018079
7.437539 0.018078
7.456203 0.017987
7.460694 0.017966
7.461246 0.017963
7.464057 0.017949
7.475854 0.017893
7.493863 0.017807
7.500322 0.017776
7.502388 0.017766
7.506413 0.017747
7.508892 0.017736
7.509930 0.017731
7.528570 0.017643
7.529970 0.017637
7.531156 0.017631
7.564481 0.017476
7.566146 0.017468
7.572510 0.017439
7.582199 0.017394
7.590036 0.017359
7.593769 0.017341
7.598520 0.017320
7.608016 0.017277
7.609230 0.017271
7.617757 0.017232
7.622037 0.017213
7.624359 0.017203
7.626736 0.017192
7.641198 0.017127
7.641834 0.017124
7.653350 0.017072
7.662675 0.017031
7.664862 0.017021
7.668574 0.017005
7.670724 0.016995
7.679014 0.016959
7.682197 0.016945
7.686583 0.016925
7.688881 0.016915
7.690655 0.016907
7.693126 0.016896
7.700887 0.016862
7.702509 0.016855
7.713879 0.016806
7.714685 0.016802
7.723682 0.016763
7.739883 0.016693
7.746059 0.016666
7.750811 0.016646
7.754726 0.016629
7.756536 0.016621
7.757354 0.016618
7.763797 0.016590
7.767487 0.016574
7.767690 0.016574
7.783757 0.016505
7.793208 0.016465
7.795637 0.016455
7.798985 0.016441
7.801165 0.016432
7.818548 0.016359
7.824549 0.016334
7.841226 0.016264
7.842072 0.016261
7.845813 0.016245
7.860621 0.016184
7.869034 0.016149
7.869620 0.016147
7.870443 0.016144
7.871936 0.016138
7.882679 0.016094
7.882845 0.016093
7.882864 0.016093
7.884780 0.016085
7.888458 0.016070
7.892070 0.016055
7.917617 0.015952
7.921030 0.015938
7.927760 0.015911
7.943095 0.015850
7.945473 0.015840
7.950425 0.015820
7.951345 0.015817
7.957696 0.015792
7.959797 0.015783
7.967743 0.015752
7.970890 0.015739
7.971942 0.015735
7.973181 0.015730
7.980416 0.015702
7.989457 0.015666
7.996084 0.015640
8.001373 0.015620
8.018013 0.015555
8.022350 0.015538
8.030212 0.015508
8.059815 0.015394
8.062145 0.015385
8.071889 0.015348
8.078920 0.015321
8.085124 0.015298
8.104726 0.015224
8.115439 0.015184
8.116251 0.015181
8.126758 0.015141
8.127784 0.015138
8.147927 0.015063
8.149131 0.015058
8.163369 0.015006
8.169452 0.014984
8.185155 0.014926
8.203722 0.014859
8.218869 0.014804
8.221059 0.014796
8.223008 0.014789
8.223962 0.014786
8.239714 0.014729
8.241789 0.014722
8.243808 0.014714
8.263865 0.014643
8.263930 0.014643
8.274331 0.014606
8.280042 0.014586
8.289553 0.014553
8.293627 0.014538
8.298194 0.014522
8.306643 0.014493
8.309477 0.014483
8.310172 0.014480
8.311041 0.014477
8.316274 0.014459
8.321849 0.014440
8.328021 0.014418
8.345370 0.014358
8.355154 0.014325
8.361351 0.014304
8.392151 0.014199
8.394672 0.014190
8.396686 0.014184
8.407460 0.014147
8.412713 0.014130
8.418230 0.014111
8.420615 0.014103
8.458777 0.013976
8.458830 0.013976
8.462430 0.013964
8.473194 0.013929
8.480669 0.013904
8.480703 0.013904
8.482287 0.013899
8.485321 0.013889
8.488255 0.013879
8.493787 0.013861
8.538359 0.013717
8.547977 0.013686
8.552006 0.013673
8.553781 0.013667
8.557838 0.013654
8.559184 0.013650
8.562026 0.013641
8.567370 0.013624
8.598106 0.013527
8.605840 0.013502
8.619554 0.013460
8.634821 0.013412
8.636263 0.013408
8.637525 0.013404
8.651054 0.013362
8.653351 0.013355
8.665054 0.013319
8.677480 0.013280
8.681629 0.013268
8.697174 0.013220
8.711263 0.013178
8.714591 0.013168
8.728955 0.013124
8.729356 0.013123
8.733867 0.013110
8.735426 0.013105
8.735464 0.013105
8.736117 0.013103
8.740340 0.013090
8.743858 0.013080
8.747878 0.013068
8.749101 0.013064
8.764460 0.013018
8.764507 0.013018
8.773958 0.012990
8.792136 0.012936
8.793712 0.012932
8.799529 0.012915
8.801387 0.012909
8.802104 0.012907
8.803619 0.012903
8.812923 0.012875
8.817164 0.012863
8.833572 0.012815
8.833928 0.012814
8.843683 0.012786
8.846790 0.012777
8.852389 0.012761
8.854403 0.012755
8.856401 0.012749
8.862785 0.012731
8.865480 0.012723
8.870939 0.012708
8.871805 0.012705
8.876553 0.012691
8.882633 0.012674
8.888765 0.012657
8.890403 0.012652
8.890701 0.012651
8.892140 0.012647
8.900473 0.012623
8.902064 0.012619
8.906907 0.012605
8.909472 0.012598
8.909942 0.012597
8.937434 0.012519
8.943933 0.012501
8.944854 0.012498
8.946546 0.012494
8.946680 0.012493
8.951383 0.012480
8.952132 0.012478
8.958187 0.012461
8.965616 0.012441
8.973377 0.012419
8.984793 0.012388
8.989149 0.012376
9.009600 0.012319
9.012745 0.012311
9.028547 0.012268
9.032711 0.012256
9.037289 0.012244
9.038855 0.012240
9.044013 0.012226
9.051650 0.012205
9.054751 0.012197
9.058740 0.012186
9.063982 0.012172
9.069399 0.012157
9.069635 0.012157
9.076387 0.012139
9.096258 0.012086
9.109525 0.012051
9.112806 0.012042
9.122388 0.012017
9.125976 0.012007
9.128249 0.012001
9.129327 0.011998
9.139797 0.011971
9.159733 0.011919
9.169922 0.011892
9.175256 0.011879
9.178543 0.011870
9.184130 0.011856
9.185568 0.011852
9.195165 0.011827
9.200496 0.011813
9.205591 0.011800
9.221121 0.011761
9.226238 0.011748
9.229733 0.011739
9.230598 0.011737
9.241743 0.011708
9.257055 0.011670
9.268078 0.011642
9.309400 0.011539
9.328689 0.011491
9.333570 0.011479
9.338409 0.011467
9.348620 0.011442
9.355721 0.011425
9.359458 0.011416
9.367341 0.011396
9.375274 0.011377
9.376168 0.011375
9.386977 0.011349
9.393859 0.011332
9.396157 0.011327
9.400400 0.011316
9.404455 0.011307
9.415263 0.011281
9.416077 0.011279
9.417930 0.011274
9.436844 0.011229
9.438725 0.011225
9.440224 0.011221
9.440872 0.011220
9.448982 0.011200
9.449527 0.011199
9.456358 0.011183
9.479460 0.011128
9.508905 0.011060
9.517156 0.011040
9.540044 0.010988
9.541457 0.010984
9.543987 0.010978
9.550635 0.010963
9.555185 0.010953
9.565556 0.010929
9.568028 0.010923
9.579274 0.010898
9.589636 0.010874
9.592481 0.010868
9.604241 0.010841
9.618482 0.010809
9.619474 0.010807
9.628312 0.010787
9.638592 0.010764
9.645046 0.010750
9.651593 0.010735
9.654275 0.010729
9.671039 0.010692
9.674059 0.010685
9.679134 0.010674
9.680238 0.010672
9.688388 0.010654
9.695128 0.010639
9.695265 0.010639
9.695619 0.010638
9.699571 0.010629
9.703598 0.010620
9.726014 0.010571
9.742285 0.010536
9.748306 0.010523
9.752837 0.010513
9.754076 0.010511
9.756367 0.010506
9.760649 0.010496
9.764507 0.010488
9.773550 0.010469
9.777686 0.010460
9.784999 0.010444
9.804020 0.010404
9.813235 0.010384
9.817978 0.010374
9.853616 0.010299
9.865354 0.010275
9.867691 0.010270
9.875924 0.010253
9.886498 0.010231
9.890206 0.010223
9.909644 0.010183
9.931220 0.010139
9.931751 0.010138
9.937086 0.010127
9.958892 0.010083
9.962212 0.010076
9.962865 0.010075
9.970266 0.010060
9.975133 0.010050
9.983532 0.010033
9.985585 0.010029
9.986570 0.010027
9.991236 0.010018
9.994312 0.010011
