100.000000 2.000000
3.090788 0.104680
3.191469 0.098179
3.284985 0.092669
3.304550 0.091575
3.317377 0.090868
3.407003 0.086150
3.420770 0.085458
3.426747 0.085160
3.521007 0.080662
3.530810 0.080214
3.538256 0.079877
3.555028 0.079125
3.680707 0.073814
3.708568 0.072709
3.719012 0.072301
3.743009 0.071377
3.771305 0.070310
3.858097 0.067182
3.866806 0.066880
3.933991 0.064615
4.024339 0.061746
4.182748 0.057158
4.186110 0.057066
4.494694 0.049499
4.571215 0.047856
4.664027 0.045970
4.699956 0.045270
4.723923 0.044812
4.746191 0.044392
4.852141 0.042475
4.870131 0.042162
4.936616 0.041034
5.001536 0.039975
5.268892 0.036021
5.313883 0.035414
5.438306 0.033812
5.461350 0.033527
5.472140 0.033395
5.589984 0.032002
5.612713 0.031743
5.756462 0.030178
5.785291 0.029878
5.808726 0.029637
5.891483 0.028810
5.891865 0.028807
5.976284 0.027999
6.003950 0.027741
6.059810 0.027232
6.112324 0.026766
6.197016 0.026040
6.314869 0.025077
6.371076 0.024636
6.537440 0.023398
6.636426 0.022706
6.682083 0.022396
6.834974 0.021406
6.847036 0.021330
6.857807 0.021263
7.031781 0.020224
7.157009 0.019523
7.298839 0.018771
7.333961 0.018592
7.334335 0.018590
7.608435 0.017275
7.616860 0.017236
7.726625 0.016750
7.783689 0.016506
7.783897 0.016505
7.965668 0.015760
7.988892 0.015668
8.025407 0.015526
8.066828 0.015367
8.073355 0.015342
8.193070 0.014897
8.258694 0.014661
8.270124 0.014621
8.507047 0.013818
8.601367 0.013517
8.643055 0.013386
8.658139 0.013340
8.747543 0.013069
8.795051 0.012928
8.864064 0.012727
8.934346 0.012528
9.025940 0.012275
9.056966 0.012191
9.084988 0.012116
9.126668 0.012005
9.214945 0.011776
9.285983 0.011597
9.417611 0.011275
9.529911 0.011011
9.749877 0.010520
9.792978 0.010427
9.808832 0.010394
9.812367 0.010386
9.839581 0.010329
9.883573 0.010237
9.961179 0.010078
9.989271 0.010021
