100.000000 2.000000
3.089292 0.104781
3.189551 0.098297
3.200925 0.097600
3.332890 0.090024
3.338983 0.089696
3.450359 0.083998
3.492780 0.081970
3.494371 0.081896
3.552186 0.079252
3.570590 0.078437
3.614027 0.076563
3.845834 0.067611
3.863629 0.066990
3.870602 0.066749
3.962669 0.063683
4.012933 0.062098
4.163531 0.057687
4.334813 0.053218
4.418627 0.051218
4.446099 0.050587
4.621883 0.046813
4.811410 0.043197
4.868447 0.042191
4.911194 0.041460
4.984651 0.040247
4.990458 0.040153
5.015231 0.039757
5.068407 0.038928
5.140125 0.037849
5.285295 0.035798
5.410854 0.034156
5.469981 0.033422
5.539998 0.032582
5.593793 0.031959
5.672162 0.031082
5.729316 0.030465
5.737225 0.030381
5.782191 0.029910
5.912661 0.028604
5.965720 0.028098
6.040731 0.027404
6.100725 0.026868
6.128729 0.026623
6.220280 0.025845
6.229317 0.025770
6.314709 0.025078
6.329609 0.024960
6.332546 0.024937
6.404228 0.024382
6.491575 0.023730
6.752400 0.021932
6.779051 0.021760
6.796799 0.021647
6.826179 0.021461
6.862489 0.021234
6.971188 0.020577
7.002948 0.020391
7.043087 0.020159
7.145131 0.019588
7.310266 0.018713
7.503310 0.017762
7.546938 0.017557
7.559962 0.017497
7.596224 0.017330
7.692344 0.016900
7.713490 0.016807
7.811052 0.016390
7.821365 0.016347
7.845003 0.016249
7.873649 0.016131
7.926118 0.015918
7.982265 0.015695
8.024743 0.015529
8.146198 0.015069
8.176495 0.014958
8.212620 0.014826
8.221121 0.014796
8.252067 0.014685
8.331681 0.014406
8.395795 0.014187
8.483837 0.013894
8.655005 0.013350
8.789460 0.012944
8.830696 0.012824
8.832364 0.012819
8.896340 0.012635
8.930137 0.012540
8.985946 0.012384
9.017722 0.012297
9.028206 0.012269
9.058815 0.012186
9.085660 0.012114
9.170600 0.011891
9.278578 0.011615
9.414946 0.011281
9.466828 0.011158
9.517066 0.011041
9.817597 0.010375
9.869038 0.010267
9.929115 0.010143
