500.000000 2.000000
3.004740 0.110761
3.021920 0.109505
3.023239 0.109410
3.063154 0.106577
3.066880 0.106318
3.087324 0.104915
3.088621 0.104826
3.104768 0.103739
3.106903 0.103596
3.133928 0.101817
3.160177 0.100133
3.182053 0.098761
3.187652 0.098414
3.200277 0.097639
3.248739 0.094748
3.249331 0.094714
3.265523 0.093777
3.278652 0.093027
3.283444 0.092756
3.293325 0.092200
3.294422 0.092139
3.298923 0.091887
3.306824 0.091449
3.307847 0.091392
3.326591 0.090365
3.332631 0.090038
3.339607 0.089662
3.363663 0.088384
3.377551 0.087659
3.399634 0.086524
3.405067 0.086248
3.407895 0.086105
3.407986 0.086100
3.422950 0.085349
3.424500 0.085272
3.427079 0.085144
3.439300 0.084540
3.462158 0.083427
3.484771 0.082348
3.492493 0.081984
3.496769 0.081784
3.502764 0.081504
3.507740 0.081273
3.557177 0.079029
3.559285 0.078936
3.588404 0.077660
3.588975 0.077635
3.606791 0.076870
3.625896 0.076062
3.628105 0.075970
3.629658 0.075905
3.631253 0.075838
3.643612 0.075324
3.649179 0.075095
3.674886 0.074048
3.696798 0.073173
3.734681 0.071696
3.755218 0.070914
3.770561 0.070338
3.815185 0.068702
3.819583 0.068544
3.830927 0.068138
3.854158 0.067320
3.855886 0.067259
3.858918 0.067154
3.905242 0.065570
3.912131 0.065339
3.936334 0.064538
3.947803 0.064164
3.976288 0.063248
3.981906 0.063069
3.984849 0.062976
3.989426 0.062832
4.048702 0.061005
4.050190 0.060961
4.070914 0.060342
4.123548 0.058811
4.137718 0.058409
4.141011 0.058316
4.143615 0.058243
4.148127 0.058116
4.172544 0.057438
4.175074 0.057368
4.268774 0.054877
4.274720 0.054725
4.285967 0.054438
4.303122 0.054005
4.306594 0.053918
4.332629 0.053272
4.393311 0.051810
4.405325 0.051528
4.416527 0.051267
4.421298 0.051156
4.500283 0.049377
4.506657 0.049237
4.539083 0.048536
4.539333 0.048531
4.566402 0.047957
4.582558 0.047619
4.603818 0.047181
4.627695 0.046695
4.631410 0.046620
4.655064 0.046148
4.687248 0.045516
4.688638 0.045489
4.703813 0.045196
4.710568 0.045066
4.713543 0.045010
4.720694 0.044873
4.731223 0.044674
4.733243 0.044636
4.741176 0.044486
4.742942 0.044453
4.766008 0.044024
4.768586 0.043977
4.773745 0.043882
4.794562 0.043501
4.800775 0.043389
4.809406 0.043233
4.822263 0.043003
4.822338 0.043002
4.833226 0.042808
4.843870 0.042620
4.854082 0.042441
4.855486 0.042416
4.868093 0.042197
4.872206 0.042126
4.890703 0.041808
4.905878 0.041550
4.943662 0.040917
4.948896 0.040830
4.949404 0.040822
4.950791 0.040799
4.953360 0.040757
4.967164 0.040531
4.968963 0.040501
4.978842 0.040341
4.991962 0.040129
4.995367 0.040074
5.015895 0.039747
5.033339 0.039472
5.073956 0.038842
5.104403 0.038380
5.122794 0.038105
5.126973 0.038043
5.141754 0.037825
5.155370 0.037625
5.161633 0.037534
5.164964 0.037486
5.178264 0.037293
5.188447 0.037147
5.214857 0.036772
5.215276 0.036766
5.239321 0.036429
5.240000 0.036420
5.263526 0.036095
5.293175 0.035692
5.322820 0.035295
5.323309 0.035289
5.328804 0.035216
5.337573 0.035100
5.351108 0.034923
5.432134 0.033889
5.440413 0.033786
5.467530 0.033452
5.501624 0.033038
5.510766 0.032929
5.523193 0.032781
5.535237 0.032638
5.558333 0.032368
5.562627 0.032318
5.569377 0.032239
5.601767 0.031868
5.610021 0.031774
5.616781 0.031698
5.643159 0.031402
5.648969 0.031337
5.669701 0.031109
5.684004 0.030952
5.686481 0.030925
5.713570 0.030633
5.715054 0.030617
5.716121 0.030605
5.725485 0.030505
5.800842 0.029718
5.813874 0.029585
5.823773 0.029484
5.854220 0.029178
5.860279 0.029118
5.860488 0.029116
5.878475 0.028938
5.887712 0.028847
5.895687 0.028769
5.903994 0.028689
5.910845 0.028622
5.920805 0.028526
5.923559 0.028499
5.939239 0.028349
5.941369 0.028329
5.942764 0.028315
5.967852 0.028078
6.025034 0.027547
6.027588 0.027524
6.038122 0.027428
6.058726 0.027242
6.096407 0.026906
6.134017 0.026577
6.144829 0.026484
6.155721 0.026390
6.165988 0.026302
6.167406 0.026290
6.180123 0.026182
6.180387 0.026180
6.236665 0.025710
6.237586 0.025702
6.242548 0.025661
6.263213 0.025492
6.268450 0.025450
6.271286 0.025427
6.281109 0.025347
6.287668 0.025294
6.299494 0.025199
6.301505 0.025183
6.310698 0.025110
6.327045 0.024980
6.329531 0.024961
6.339191 0.024885
6.371107 0.024636
6.387461 0.024510
6.416174 0.024291
6.442445 0.024093
6.481088 0.023807
6.498754 0.023678
6.533806 0.023424
6.553699 0.023282
6.555273 0.023271
6.566452 0.023192
6.573208 0.023144
6.578873 0.023105
6.600117 0.022956
6.602136 0.022942
6.610386 0.022885
6.615362 0.022850
6.629589 0.022752
6.631350 0.022740
6.632035 0.022736
6.641507 0.022671
6.645418 0.022644
6.649263 0.022618
6.672643 0.022460
6.677258 0.022429
6.683061 0.022390
6.691088 0.022336
6.697328 0.022294
6.703213 0.022255
6.713116 0.022190
6.734332 0.022050
6.809724 0.021565
6.826407 0.021459
6.839635 0.021376
6.869488 0.021191
6.880472 0.021123
6.882113 0.021113
6.891572 0.021055
6.908778 0.020951
6.916746 0.020902
6.938403 0.020772
6.956346 0.020665
6.958362 0.020653
6.974643 0.020557
6.992591 0.020451
7.005854 0.020374
7.013765 0.020328
7.021960 0.020281
7.024282 0.020267
7.042046 0.020165
7.054255 0.020095
7.068295 0.020016
7.081607 0.019941
7.091757 0.019883
7.093170 0.019876
7.100943 0.019832
7.115670 0.019750
7.137872 0.019627
7.143000 0.019599
7.144007 0.019594
7.145038 0.019588
7.149315 0.019565
7.158116 0.019517
7.186811 0.019361
7.213431 0.019218
7.227647 0.019143
7.240146 0.019077
7.254601 0.019001
7.256949 0.018989
7.264196 0.018951
7.265524 0.018944
7.305651 0.018736
7.306253 0.018733
7.338959 0.018567
7.345415 0.018534
7.376952 0.018376
7.389358 0.018314
7.400345 0.018260
7.400655 0.018258
7.406780 0.018228
7.419313 0.018167
7.476443 0.017890
7.484127 0.017853
7.489774 0.017826
7.510468 0.017728
7.534554 0.017615
7.675272 0.016975
7.680539 0.016952
7.716439 0.016794
7.753263 0.016635
7.761905 0.016598
7.766571 0.016578
7.782364 0.016511
7.787303 0.016490
7.800441 0.016435
7.816033 0.016369
7.832879 0.016299
7.839516 0.016271
7.883220 0.016091
7.884389 0.016087
7.888172 0.016071
7.892798 0.016052
7.906582 0.015996
7.908419 0.015989
7.932547 0.015892
8.021972 0.015540
8.022780 0.015536
8.024051 0.015531
8.076532 0.015330
8.091842 0.015272
8.098636 0.015247
8.099833 0.015242
8.101002 0.015238
8.116898 0.015178
8.139495 0.015094
8.166914 0.014993
8.171813 0.014975
8.175074 0.014963
8.185436 0.014925
8.209232 0.014839
8.220462 0.014798
8.281207 0.014582
8.282390 0.014578
8.283351 0.014574
8.306138 0.014494
8.310297 0.014480
8.327277 0.014421
8.334668 0.014395
8.339837 0.014378
8.343281 0.014366
8.347727 0.014350
8.364549 0.014293
8.372310 0.014266
8.392908 0.014196
8.398565 0.014177
8.399220 0.014175
8.400260 0.014171
8.449561 0.014007
8.452435 0.013997
8.482344 0.013899
8.485732 0.013887
8.497968 0.013847
8.506491 0.013820
8.509089 0.013811
8.513753 0.013796
8.520421 0.013775
8.530211 0.013743
8.558230 0.013653
8.561945 0.013641
8.567366 0.013624
8.580312 0.013583
8.585478 0.013567
8.594147 0.013539
8.602947 0.013512
8.614739 0.013475
8.615143 0.013473
8.617696 0.013465
8.638934 0.013399
8.646424 0.013376
8.656398 0.013345
8.664926 0.013319
8.672286 0.013296
8.703888 0.013200
8.712194 0.013175
8.720512 0.013150
8.721881 0.013146
8.744981 0.013076
8.754055 0.013049
8.778034 0.012978
8.781881 0.012967
8.783385 0.012962
8.792676 0.012935
8.800360 0.012912
8.838848 0.012800
8.855029 0.012753
8.855080 0.012753
8.868239 0.012715
8.878000 0.012687
8.881989 0.012676
8.883861 0.012671
8.895847 0.012636
8.906087 0.012607
8.913344 0.012587
8.931204 0.012537
8.932560 0.012533
8.935910 0.012523
8.945895 0.012495
8.946416 0.012494
8.948657 0.012488
8.967869 0.012434
8.974214 0.012417
8.981781 0.012396
8.985440 0.012386
9.001843 0.012341
9.010259 0.012318
9.030344 0.012263
9.075946 0.012140
9.083673 0.012119
9.094136 0.012091
9.098340 0.012080
9.100072 0.012076
9.102756 0.012069
9.105083 0.012062
9.114369 0.012038
9.116139 0.012033
9.136436 0.011980
9.162406 0.011912
9.168391 0.011896
9.175187 0.011879
9.187967 0.011846
9.191472 0.011837
9.207835 0.011795
9.216772 0.011772
9.218215 0.011768
9.225389 0.011750
9.227542 0.011744
9.240662 0.011711
9.279986 0.011612
9.300186 0.011562
9.307500 0.011543
9.320130 0.011512
9.323918 0.011503
9.339080 0.011465
9.359062 0.011417
9.381880 0.011361
9.412036 0.011288
9.428994 0.011248
9.429071 0.011248
9.429828 0.011246
9.442668 0.011215
9.458300 0.011178
9.462578 0.011168
9.474088 0.011141
9.474140 0.011141
9.486467 0.011112
9.518917 0.011036
9.520014 0.011034
9.528035 0.011015
9.537783 0.010993
9.539242 0.010989
9.545555 0.010975
9.570061 0.010919
9.590011 0.010873
9.642788 0.010755
9.646013 0.010747
9.647766 0.010744
9.670147 0.010694
9.670860 0.010692
9.673556 0.010686
9.674657 0.010684
9.694888 0.010639
9.710807 0.010604
9.724168 0.010575
9.795767 0.010421
9.804046 0.010404
9.824044 0.010361
9.829231 0.010350
9.838721 0.010331
9.855465 0.010295
9.872855 0.010259
9.891276 0.010221
9.904661 0.010193
9.905943 0.010191
9.907730 0.010187
9.911097 0.010180
9.912412 0.010178
9.913898 0.010174
9.923940 0.010154
9.929355 0.010143
9.935826 0.010130
9.939555 0.010122
9.944263 0.010112
9.946890 0.010107
9.957213 0.010086
