5000.000000 2.000000
3.001392 0.111008
3.002783 0.110905
3.005386 0.110713
3.008424 0.110490
3.008925 0.110453
3.010063 0.110369
3.010143 0.110364
3.011987 0.110228
3.012392 0.110199
3.014210 0.110066
3.014333 0.110057
3.014572 0.110040
3.015806 0.109949
3.016164 0.109923
3.017536 0.109823
3.022205 0.109484
3.024439 0.109323
3.024501 0.109318
3.027619 0.109093
3.028006 0.109065
3.028540 0.109027
3.028765 0.109011
3.029570 0.108953
3.030135 0.108912
3.030805 0.108864
3.031341 0.108825
3.032774 0.108723
3.037098 0.108413
3.040023 0.108205
3.040872 0.108144
3.045954 0.107784
3.047334 0.107686
3.047638 0.107665
3.049172 0.107556
3.049815 0.107511
3.051589 0.107386
3.052837 0.107298
3.056000 0.107076
3.057312 0.106984
3.057586 0.106965
3.057734 0.106955
3.061401 0.106699
3.062750 0.106605
3.063351 0.106563
3.066880 0.106318
3.067879 0.106249
3.067890 0.106248
3.068012 0.106239
3.068393 0.106213
3.068476 0.106207
3.069813 0.106115
3.071125 0.106024
3.071491 0.105999
3.071828 0.105976
3.072293 0.105944
3.073328 0.105872
3.074482 0.105793
3.074595 0.105785
3.074631 0.105783
3.076511 0.105653
3.076523 0.105652
3.078429 0.105522
3.078980 0.105484
3.083134 0.105200
3.083152 0.105199
3.084223 0.105126
3.085042 0.105070
3.086417 0.104976
3.088162 0.104858
3.089816 0.104745
3.091965 0.104600
3.092674 0.104552
3.094822 0.104407
3.095968 0.104329
3.097194 0.104247
3.103048 0.103854
3.104221 0.103775
3.105878 0.103665
3.108431 0.103495
3.110411 0.103363
3.110626 0.103349
3.111374 0.103299
3.112293 0.103238
3.115118 0.103051
3.116399 0.102966
3.118845 0.102805
3.119956 0.102731
3.120872 0.102671
3.123215 0.102517
3.124040 0.102463
3.124106 0.102459
3.125490 0.102368
3.126669 0.102291
3.126905 0.102275
3.129525 0.102104
3.129812 0.102085
3.130749 0.102024
3.131453 0.101978
3.132158 0.101932
3.135753 0.101699
3.137689 0.101573
3.138713 0.101507
3.139505 0.101456
3.139716 0.101442
3.140775 0.101374
3.141183 0.101348
3.148255 0.100893
3.150390 0.100756
3.151080 0.100712
3.152769 0.100604
3.152993 0.100590
3.156699 0.100354
3.157849 0.100281
3.159806 0.100157
3.159920 0.100149
3.164215 0.099878
3.165439 0.099800
3.165974 0.099767
3.166126 0.099757
3.166765 0.099717
3.167768 0.099654
3.168904 0.099582
3.169257 0.099560
3.172565 0.099353
3.172802 0.099338
3.174407 0.099237
3.175048 0.099197
3.177228 0.099061
3.177469 0.099046
3.179043 0.098948
3.180318 0.098869
3.181442 0.098799
3.181838 0.098774
3.181917 0.098769
3.181937 0.098768
3.184691 0.098597
3.186348 0.098495
3.186874 0.098462
3.187539 0.098421
3.190351 0.098248
3.192303 0.098128
3.194303 0.098005
3.196369 0.097878
3.197609 0.097802
3.201747 0.097550
3.202813 0.097485
3.203549 0.097440
3.205134 0.097344
3.205182 0.097341
3.206035 0.097289
3.208441 0.097143
3.209154 0.097100
3.209754 0.097064
3.210041 0.097046
3.211625 0.096951
3.211791 0.096941
3.212935 0.096872
3.214541 0.096775
3.214811 0.096758
3.215427 0.096721
3.217347 0.096606
3.219136 0.096499
3.220221 0.096434
3.221205 0.096375
3.221267 0.096371
3.221934 0.096331
3.222666 0.096287
3.224896 0.096154
3.224933 0.096152
3.225149 0.096139
3.226755 0.096043
3.228196 0.095958
3.228893 0.095916
3.229073 0.095906
3.235810 0.095507
3.236690 0.095455
3.238219 0.095365
3.238356 0.095357
3.239554 0.095286
3.239829 0.095270
3.240789 0.095213
3.241197 0.095190
3.242982 0.095085
3.243301 0.095066
3.243351 0.095063
3.243396 0.095061
3.243632 0.095047
3.244692 0.094985
3.249572 0.094700
3.252218 0.094545
3.252748 0.094515
3.256972 0.094270
3.257787 0.094222
3.258399 0.094187
3.258407 0.094187
3.259853 0.094103
3.260606 0.094060
3.262084 0.093974
3.263136 0.093914
3.263551 0.093890
3.264477 0.093837
3.268487 0.093607
3.272847 0.093357
3.275212 0.093223
3.277192 0.093110
3.277227 0.093108
3.279767 0.092964
3.280698 0.092911
3.280857 0.092902
3.282456 0.092812
3.283511 0.092752
3.283672 0.092743
3.284091 0.092719
3.284652 0.092688
3.285476 0.092641
3.292091 0.092269
3.292794 0.092230
3.293576 0.092186
3.297508 0.091966
3.297639 0.091959
3.298099 0.091933
3.298196 0.091928
3.299839 0.091836
3.300096 0.091822
3.300195 0.091817
3.300841 0.091781
3.304677 0.091568
3.308176 0.091374
3.308239 0.091371
3.308548 0.091353
3.310821 0.091228
3.311715 0.091179
3.311898 0.091169
3.312498 0.091136
3.314782 0.091010
3.319558 0.090748
3.320583 0.090692
3.321459 0.090645
3.321678 0.090633
3.322168 0.090606
3.322884 0.090567
3.324608 0.090473
3.325454 0.090427
3.326945 0.090346
3.331537 0.090097
3.331575 0.090095
3.332454 0.090048
3.332879 0.090025
3.334966 0.089912
3.337974 0.089750
3.338014 0.089748
3.339865 0.089648
3.340272 0.089626
3.340404 0.089619
3.342701 0.089496
3.343143 0.089473
3.344117 0.089421
3.344185 0.089417
3.346070 0.089316
3.346708 0.089282
3.347380 0.089246
3.349098 0.089155
3.351153 0.089045
3.351926 0.089004
3.354255 0.088881
3.354650 0.088860
3.354935 0.088845
3.355116 0.088835
3.355529 0.088813
3.355686 0.088805
3.356885 0.088742
3.357091 0.088731
3.358967 0.088632
3.359328 0.088613
3.360623 0.088544
3.361729 0.088486
3.362741 0.088433
3.362958 0.088421
3.363060 0.088416
3.365661 0.088279
3.367578 0.088179
3.369877 0.088059
3.370446 0.088029
3.371352 0.087982
3.372989 0.087896
3.374844 0.087800
3.376465 0.087715
3.376851 0.087695
3.381734 0.087442
3.383429 0.087355
3.384353 0.087307
3.385499 0.087248
3.386113 0.087216
3.386821 0.087180
3.387636 0.087138
3.387646 0.087137
3.388991 0.087068
3.390666 0.086982
3.390908 0.086970
3.396023 0.086708
3.396636 0.086677
3.398032 0.086605
3.402726 0.086367
3.403277 0.086339
3.403829 0.086311
3.404370 0.086283
3.405641 0.086219
3.407817 0.086109
3.409005 0.086049
3.409874 0.086005
3.411490 0.085923
3.411821 0.085907
3.412098 0.085893
3.412109 0.085892
3.412171 0.085889
3.413941 0.085800
3.414994 0.085747
3.415729 0.085710
3.416238 0.085685
3.417955 0.085599
3.419420 0.085525
3.421265 0.085433
3.421367 0.085428
3.422748 0.085359
3.423392 0.085327
3.423464 0.085323
3.424130 0.085290
3.425171 0.085238
3.427197 0.085138
3.427687 0.085113
3.427933 0.085101
3.428639 0.085066
3.428880 0.085054
3.428953 0.085051
3.432526 0.084874
3.435201 0.084741
3.442069 0.084404
3.442264 0.084394
3.443533 0.084332
3.445679 0.084227
3.446767 0.084174
3.446899 0.084167
3.448523 0.084088
3.448715 0.084079
3.449643 0.084033
3.450111 0.084011
3.451860 0.083925
3.451939 0.083922
3.452216 0.083908
3.452339 0.083902
3.455128 0.083767
3.456425 0.083704
3.456570 0.083697
3.458008 0.083627
3.463550 0.083360
3.464405 0.083319
3.476553 0.082737
3.477788 0.082679
3.481169 0.082518
3.482644 0.082448
3.484431 0.082364
3.486107 0.082285
3.488851 0.082155
3.490442 0.082080
3.492012 0.082007
3.492488 0.081984
3.492962 0.081962
3.493060 0.081957
3.494629 0.081884
3.496163 0.081812
3.496862 0.081779
3.499513 0.081655
3.500302 0.081619
3.500706 0.081600
3.501367 0.081569
3.501407 0.081567
3.502404 0.081521
3.502537 0.081514
3.502901 0.081497
3.502958 0.081495
3.504739 0.081412
3.506363 0.081337
3.508273 0.081248
3.509387 0.081197
3.509429 0.081195
3.513542 0.081005
3.513810 0.080992
3.515974 0.080893
3.516146 0.080885
3.516394 0.080873
3.519422 0.080734
3.519643 0.080724
3.519811 0.080716
3.520268 0.080695
3.523332 0.080555
3.524073 0.080521
3.527739 0.080354
3.527913 0.080346
3.528039 0.080340
3.529493 0.080274
3.530272 0.080239
3.534401 0.080051
3.534487 0.080047
3.534639 0.080041
3.536818 0.079942
3.537520 0.079910
3.537575 0.079908
3.544152 0.079611
3.544525 0.079595
3.545439 0.079554
3.548270 0.079427
3.548346 0.079423
3.548620 0.079411
3.549320 0.079380
3.550344 0.079334
3.551490 0.079283
3.556119 0.079076
3.556172 0.079074
3.556217 0.079072
3.559305 0.078935
3.562537 0.078792
3.562808 0.078780
3.562902 0.078776
3.563303 0.078758
3.566000 0.078639
3.570987 0.078419
3.572105 0.078370
3.575682 0.078214
3.578705 0.078082
3.580260 0.078014
3.582040 0.077936
3.582314 0.077924
3.583654 0.077866
3.585475 0.077787
3.586614 0.077738
3.588940 0.077637
3.589323 0.077620
3.589565 0.077610
3.592242 0.077494
3.592574 0.077480
3.592961 0.077463
3.593416 0.077444
3.596622 0.077305
3.598333 0.077232
3.603483 0.077011
3.604109 0.076985
3.605965 0.076905
3.606914 0.076865
3.607475 0.076841
3.608462 0.076799
3.608721 0.076788
3.609369 0.076760
3.609549 0.076753
3.611457 0.076672
3.612577 0.076624
3.612759 0.076616
3.613384 0.076590
3.615224 0.076512
3.617452 0.076418
3.619746 0.076321
3.620956 0.076270
3.620988 0.076269
3.621272 0.076257
3.623112 0.076179
3.626035 0.076056
3.626561 0.076034
3.626735 0.076027
3.627211 0.076007
3.627589 0.075991
3.627835 0.075981
3.628192 0.075966
3.631107 0.075844
3.631278 0.075837
3.632174 0.075800
3.633361 0.075750
3.634673 0.075695
3.635055 0.075679
3.635569 0.075658
3.635715 0.075652
3.636890 0.075603
3.640254 0.075463
3.641061 0.075430
3.641768 0.075401
3.642795 0.075358
3.643721 0.075320
3.643742 0.075319
3.648697 0.075115
3.649630 0.075076
3.650608 0.075036
3.653148 0.074932
3.653846 0.074903
3.654068 0.074894
3.655608 0.074831
3.656194 0.074807
3.656244 0.074805
3.656280 0.074803
3.658182 0.074726
3.658565 0.074710
3.658600 0.074709
3.659587 0.074668
3.660018 0.074651
3.662079 0.074567
3.662366 0.074555
3.663199 0.074521
3.665410 0.074431
3.665858 0.074413
3.666470 0.074388
3.667876 0.074331
3.668441 0.074308
3.669611 0.074261
3.670851 0.074211
3.671235 0.074195
3.671282 0.074193
3.671636 0.074179
3.675150 0.074037
3.675698 0.074015
3.675983 0.074004
3.677423 0.073946
3.679859 0.073848
3.684072 0.073679
3.684156 0.073676
3.686963 0.073564
3.687230 0.073553
3.689117 0.073478
3.691173 0.073396
3.693049 0.073321
3.693092 0.073320
3.694113 0.073279
3.694979 0.073245
3.696883 0.073169
3.697427 0.073148
3.698495 0.073105
3.698550 0.073103
3.700702 0.073018
3.701161 0.073000
3.701630 0.072982
3.701682 0.072980
3.702534 0.072946
3.707745 0.072741
3.709208 0.072684
3.711406 0.072598
3.711688 0.072587
3.713118 0.072531
3.714730 0.072468
3.714928 0.072460
3.716623 0.072394
3.716832 0.072386
3.717222 0.072371
3.720013 0.072262
3.722958 0.072148
3.723215 0.072138
3.724837 0.072075
3.725973 0.072031
3.726339 0.072017
3.731616 0.071814
3.732589 0.071776
3.743815 0.071346
3.746858 0.071230
3.747672 0.071199
3.747672 0.071199
3.747737 0.071197
3.748099 0.071183
3.748486 0.071169
3.749287 0.071138
3.751019 0.071072
3.751630 0.071049
3.753426 0.070981
3.754051 0.070958
3.756878 0.070851
3.758028 0.070808
3.758765 0.070780
3.761236 0.070687
3.771886 0.070288
3.775772 0.070144
3.775891 0.070139
3.776506 0.070116
3.780999 0.069950
3.781992 0.069913
3.784372 0.069825
3.785345 0.069789
3.790111 0.069614
3.791774 0.069553
3.794722 0.069445
3.795315 0.069423
3.796956 0.069363
3.797604 0.069339
3.797684 0.069337
3.799328 0.069277
3.800615 0.069230
3.800639 0.069229
3.801870 0.069184
3.802811 0.069150
3.802853 0.069148
3.802918 0.069146
3.805362 0.069057
3.805700 0.069045
3.806687 0.069009
3.807257 0.068988
3.807502 0.068979
3.810883 0.068857
3.812209 0.068809
3.812579 0.068796
3.812827 0.068787
3.813141 0.068776
3.813532 0.068761
3.813841 0.068750
3.816555 0.068653
3.816916 0.068640
3.817430 0.068621
3.818148 0.068595
3.819859 0.068534
3.819877 0.068533
3.820466 0.068512
3.821719 0.068467
3.822948 0.068423
3.825065 0.068347
3.829293 0.068197
3.829382 0.068193
3.830313 0.068160
3.831752 0.068109
3.831789 0.068108
3.832866 0.068070
3.835020 0.067993
3.836797 0.067930
3.837842 0.067893
3.840901 0.067785
3.841358 0.067769
3.845341 0.067629
3.845351 0.067628
3.848571 0.067515
3.850849 0.067435
3.850882 0.067434
3.851623 0.067408
3.853383 0.067347
3.853917 0.067328
3.854161 0.067319
3.854928 0.067293
3.856680 0.067231
3.857341 0.067208
3.858795 0.067158
3.860212 0.067109
3.862266 0.067037
3.865056 0.066940
3.868354 0.066826
3.869502 0.066787
3.871953 0.066702
3.875157 0.066592
3.875489 0.066580
3.876394 0.066549
3.876891 0.066532
3.877348 0.066517
3.877958 0.066496
3.878664 0.066472
3.880973 0.066392
3.881747 0.066366
3.888962 0.066120
3.889144 0.066114
3.890426 0.066070
3.891098 0.066047
3.894153 0.065944
3.894259 0.065940
3.894499 0.065932
3.895281 0.065906
3.898459 0.065798
3.898539 0.065796
3.898934 0.065782
3.899209 0.065773
3.903737 0.065620
3.904653 0.065590
3.904757 0.065586
3.904830 0.065584
3.907093 0.065508
3.908948 0.065446
3.911080 0.065374
3.911895 0.065347
3.912973 0.065311
3.915906 0.065213
3.916063 0.065208
3.916592 0.065190
3.917034 0.065176
3.917672 0.065154
3.919191 0.065104
3.919365 0.065098
3.925128 0.064907
3.925835 0.064884
3.926960 0.064847
3.927150 0.064840
3.928071 0.064810
3.929344 0.064768
3.930485 0.064730
3.931461 0.064698
3.931630 0.064693
3.934027 0.064614
3.934329 0.064604
3.934685 0.064592
3.936099 0.064546
3.936758 0.064524
3.936995 0.064516
3.937503 0.064500
3.939488 0.064435
3.943798 0.064294
3.944230 0.064280
3.945472 0.064239
3.947539 0.064172
3.949337 0.064114
3.949723 0.064101
3.953000 0.063995
3.953699 0.063972
3.955229 0.063923
3.955673 0.063909
3.956127 0.063894
3.957512 0.063849
3.957644 0.063845
3.958513 0.063817
3.959282 0.063792
3.961400 0.063724
3.961788 0.063711
3.962897 0.063676
3.965352 0.063597
3.966444 0.063562
3.966448 0.063562
3.967433 0.063530
3.969890 0.063452
3.969927 0.063451
3.971725 0.063393
3.972871 0.063356
3.975277 0.063280
3.976113 0.063253
3.976153 0.063252
3.976753 0.063233
3.978998 0.063162
3.981184 0.063092
3.982385 0.063054
3.987596 0.062889
3.989166 0.062840
3.991545 0.062765
3.991762 0.062758
3.991993 0.062751
3.992755 0.062727
3.993866 0.062692
3.994868 0.062661
3.995709 0.062634
3.996783 0.062601
3.998525 0.062546
4.005481 0.062329
4.006546 0.062296
4.007607 0.062263
4.010265 0.062180
4.010990 0.062158
4.011154 0.062153
4.012181 0.062121
4.014025 0.062064
4.015665 0.062013
4.016251 0.061995
4.018007 0.061941
4.020131 0.061876
4.020607 0.061861
4.021152 0.061844
4.025935 0.061697
4.027880 0.061638
4.028204 0.061628
4.028495 0.061619
4.030144 0.061569
4.031204 0.061536
4.031462 0.061528
4.035079 0.061418
4.035632 0.061401
4.038628 0.061310
4.040014 0.061268
4.040134 0.061264
4.046619 0.061068
4.047870 0.061031
4.050793 0.060942
4.050830 0.060941
4.050893 0.060939
4.052426 0.060893
4.057886 0.060730
4.059233 0.060689
4.062807 0.060583
4.063889 0.060550
4.064673 0.060527
4.064687 0.060527
4.065916 0.060490
4.067026 0.060457
4.067093 0.060455
4.067711 0.060437
4.067904 0.060431
4.068114 0.060425
4.071105 0.060336
4.071398 0.060327
4.073413 0.060267
4.074637 0.060231
4.075929 0.060193
4.076048 0.060190
4.081561 0.060027
4.082922 0.059987
4.083741 0.059963
4.083923 0.059958
4.084309 0.059946
4.085359 0.059916
4.087030 0.059867
4.087072 0.059865
4.091271 0.059743
4.091546 0.059734
4.091690 0.059730
4.091978 0.059722
4.092130 0.059717
4.093148 0.059688
4.093685 0.059672
4.094285 0.059655
4.095921 0.059607
4.097469 0.059562
4.098775 0.059524
4.099037 0.059516
4.099883 0.059492
4.102033 0.059429
4.102061 0.059429
4.102820 0.059407
4.103381 0.059390
4.104783 0.059350
4.105218 0.059337
4.106507 0.059300
4.106860 0.059290
4.107140 0.059282
4.108029 0.059256
4.109480 0.059214
4.114580 0.059068
4.115310 0.059047
4.116940 0.059000
4.118993 0.058941
4.119076 0.058939
4.119506 0.058926
4.121949 0.058857
4.122541 0.058840
4.124714 0.058778
4.124817 0.058775
4.126361 0.058731
4.127316 0.058704
4.128124 0.058681
4.128170 0.058679
4.128259 0.058677
4.128565 0.058668
4.128733 0.058663
4.133595 0.058525
4.134153 0.058510
4.134280 0.058506
4.135276 0.058478
4.138447 0.058388
4.139389 0.058362
4.139925 0.058347
4.142980 0.058261
4.144062 0.058230
4.149265 0.058084
4.152103 0.058005
4.152142 0.058004
4.152893 0.057983
4.153898 0.057955
4.154294 0.057944
4.155323 0.057915
4.159768 0.057791
4.161138 0.057753
4.164342 0.057664
4.164375 0.057663
4.166847 0.057595
4.167210 0.057585
4.167741 0.057570
4.169037 0.057535
4.169502 0.057522
4.171901 0.057456
4.172268 0.057445
4.172741 0.057432
4.175866 0.057346
4.176987 0.057316
4.180592 0.057217
4.180733 0.057213
4.182413 0.057167
4.185649 0.057079
4.186301 0.057061
4.186517 0.057055
4.187816 0.057020
4.189958 0.056961
4.192745 0.056886
4.193580 0.056863
4.193970 0.056852
4.194656 0.056834
4.195726 0.056805
4.198826 0.056721
4.198984 0.056717
4.199515 0.056702
4.199822 0.056694
4.201696 0.056644
4.203187 0.056603
4.204508 0.056568
4.205289 0.056547
4.206158 0.056523
4.206248 0.056521
4.207892 0.056477
4.208637 0.056457
4.209047 0.056446
4.209062 0.056445
4.215712 0.056268
4.217458 0.056221
4.217679 0.056215
4.217786 0.056212
4.219646 0.056163
4.220686 0.056135
4.221698 0.056108
4.221852 0.056104
4.222088 0.056098
4.222115 0.056097
4.222150 0.056096
4.222434 0.056089
4.222457 0.056088
4.223284 0.056066
4.223645 0.056056
4.223978 0.056048
4.225612 0.056004
4.229224 0.055909
4.229586 0.055899
4.232989 0.055809
4.233847 0.055787
4.234460 0.055770
4.235136 0.055753
4.235158 0.055752
4.235620 0.055740
4.237525 0.055690
4.238232 0.055671
4.240113 0.055622
4.242334 0.055564
4.242894 0.055549
4.243011 0.055546
4.243264 0.055539
4.243551 0.055532
4.243748 0.055527
4.243896 0.055523
4.244937 0.055495
4.245977 0.055468
4.246708 0.055449
4.248717 0.055397
4.250437 0.055352
4.255197 0.055228
4.255963 0.055208
4.258013 0.055155
4.259766 0.055110
4.260261 0.055097
4.261479 0.055065
4.263478 0.055014
4.264069 0.054999
4.266118 0.054946
4.267125 0.054920
4.268306 0.054889
4.269116 0.054869
4.273647 0.054752
4.276429 0.054681
4.277919 0.054643
4.280653 0.054573
4.280893 0.054567
4.281942 0.054540
4.282968 0.054514
4.283537 0.054500
4.283775 0.054494
4.285704 0.054445
4.286110 0.054434
4.286562 0.054423
4.287365 0.054403
4.288874 0.054364
4.289774 0.054341
4.290692 0.054318
4.291162 0.054306
4.291596 0.054295
4.292982 0.054260
4.294525 0.054221
4.294946 0.054211
4.299259 0.054102
4.300773 0.054064
4.300902 0.054061
4.303586 0.053993
4.304524 0.053970
4.308576 0.053868
4.308715 0.053865
4.308851 0.053861
4.309634 0.053842
4.313333 0.053749
4.315356 0.053699
4.320012 0.053583
4.323500 0.053497
4.324037 0.053484
4.324178 0.053480
4.325046 0.053459
4.326554 0.053421
4.328199 0.053381
4.328780 0.053367
4.328833 0.053365
4.329173 0.053357
4.329235 0.053355
4.331768 0.053293
4.334583 0.053224
4.336405 0.053179
4.338087 0.053138
4.338736 0.053122
4.341218 0.053061
4.342545 0.053029
4.342716 0.053025
4.342933 0.053019
4.343366 0.053009
4.343371 0.053009
4.347493 0.052908
4.350014 0.052847
4.351023 0.052822
4.352136 0.052795
4.352690 0.052782
4.356559 0.052688
4.357495 0.052665
4.359312 0.052622
4.361894 0.052559
4.362433 0.052546
4.365601 0.052470
4.371458 0.052330
4.371784 0.052322
4.372330 0.052309
4.373203 0.052288
4.375317 0.052237
4.377318 0.052190
4.378648 0.052158
4.378954 0.052151
4.385522 0.051995
4.385916 0.051985
4.386450 0.051973
4.387604 0.051945
4.388662 0.051920
4.392200 0.051837
4.392829 0.051822
4.393357 0.051809
4.394686 0.051778
4.396128 0.051744
4.398636 0.051685
4.401209 0.051625
4.402806 0.051587
4.404295 0.051552
4.404843 0.051539
4.405436 0.051526
4.405749 0.051518
4.406532 0.051500
4.406822 0.051493
4.408234 0.051460
4.410899 0.051398
4.412998 0.051349
4.414440 0.051316
4.415683 0.051287
4.416084 0.051277
4.418193 0.051228
4.418384 0.051224
4.418963 0.051211
4.419229 0.051204
4.420171 0.051183
4.420189 0.051182
4.421230 0.051158
4.422971 0.051118
4.423918 0.051096
4.424255 0.051088
4.426636 0.051033
4.429665 0.050963
4.430596 0.050942
4.435543 0.050828
4.435579 0.050828
4.436112 0.050815
4.436293 0.050811
4.436540 0.050806
4.437109 0.050793
4.441965 0.050682
4.442280 0.050674
4.443089 0.050656
4.444759 0.050618
4.447384 0.050558
4.449601 0.050508
4.450517 0.050487
4.451328 0.050469
4.456637 0.050348
4.457297 0.050333
4.461488 0.050239
4.461781 0.050232
4.461919 0.050229
4.462877 0.050208
4.465610 0.050146
4.465974 0.050138
4.468739 0.050076
4.473322 0.049973
4.474617 0.049945
4.476798 0.049896
4.478725 0.049853
4.480648 0.049810
4.480907 0.049804
4.481624 0.049789
4.482699 0.049765
4.484013 0.049735
4.485000 0.049714
4.486026 0.049691
4.486394 0.049683
4.486762 0.049675
4.487243 0.049664
4.487485 0.049659
4.490204 0.049598
4.490708 0.049587
4.492456 0.049549
4.498268 0.049421
4.500730 0.049367
4.506920 0.049231
4.507091 0.049227
4.508315 0.049201
4.508797 0.049190
4.510159 0.049161
4.511358 0.049134
4.514181 0.049073
4.516456 0.049024
4.517643 0.048998
4.518454 0.048980
4.521674 0.048910
4.524937 0.048840
4.530341 0.048723
4.530407 0.048722
4.530735 0.048715
4.530832 0.048713
4.531449 0.048700
4.531937 0.048689
4.532452 0.048678
4.533303 0.048660
4.534512 0.048634
4.535103 0.048621
4.535631 0.048610
4.542981 0.048453
4.547332 0.048360
4.547619 0.048354
4.547809 0.048350
4.553329 0.048233
4.555671 0.048183
4.556868 0.048158
4.559663 0.048099
4.559813 0.048096
4.559877 0.048094
4.560280 0.048086
4.561033 0.048070
4.561300 0.048064
4.561334 0.048064
4.562679 0.048035
4.562946 0.048030
4.564139 0.048005
4.565567 0.047975
4.565926 0.047967
4.566060 0.047964
4.567477 0.047934
4.569268 0.047897
4.570630 0.047868
4.571590 0.047848
4.571935 0.047841
4.572853 0.047822
4.573825 0.047801
4.575764 0.047761
4.578411 0.047706
4.578564 0.047703
4.579570 0.047682
4.581391 0.047644
4.581491 0.047642
4.582616 0.047618
4.586772 0.047532
4.587839 0.047510
4.588058 0.047505
4.588320 0.047500
4.588774 0.047490
4.591745 0.047429
4.592844 0.047406
4.592859 0.047406
4.594047 0.047382
4.594484 0.047373
4.594524 0.047372
4.596096 0.047339
4.596794 0.047325
4.600688 0.047245
4.604053 0.047176
4.604989 0.047157
4.605632 0.047143
4.608696 0.047081
4.609177 0.047071
4.609397 0.047066
4.609688 0.047061
4.609806 0.047058
4.613029 0.046992
4.615767 0.046937
4.616450 0.046923
4.620011 0.046850
4.625952 0.046730
4.626761 0.046714
4.628172 0.046685
4.628275 0.046683
4.629041 0.046668
4.629558 0.046657
4.631588 0.046617
4.633439 0.046579
4.633630 0.046575
4.633967 0.046569
4.634060 0.046567
4.638501 0.046478
4.639809 0.046452
4.640627 0.046435
4.641790 0.046412
4.642268 0.046402
4.642464 0.046398
4.643003 0.046388
4.644210 0.046364
4.647318 0.046302
4.647930 0.046289
4.649912 0.046250
4.649979 0.046249
4.653933 0.046170
4.654266 0.046163
4.654874 0.046151
4.655524 0.046138
4.659020 0.046069
4.660101 0.046048
4.662178 0.046007
4.662808 0.045994
4.664807 0.045955
4.666174 0.045928
4.667647 0.045899
4.668682 0.045879
4.671548 0.045822
4.672075 0.045812
4.675142 0.045752
4.678593 0.045685
4.678728 0.045682
4.680327 0.045651
4.680704 0.045643
4.680802 0.045641
4.681781 0.045622
4.682000 0.045618
4.683301 0.045593
4.685243 0.045555
4.686210 0.045536
4.689136 0.045479
4.690120 0.045460
4.690225 0.045458
4.693756 0.045390
4.695231 0.045361
4.695250 0.045361
4.695275 0.045361
4.695503 0.045356
4.696256 0.045342
4.696632 0.045334
4.698582 0.045297
4.701256 0.045245
4.702530 0.045221
4.704368 0.045185
4.705583 0.045162
4.709666 0.045084
4.711233 0.045054
4.713151 0.045017
4.716716 0.044949
4.717582 0.044933
4.718539 0.044914
4.723906 0.044812
4.727378 0.044747
4.728437 0.044726
4.729882 0.044699
4.730621 0.044685
4.732991 0.044640
4.734125 0.044619
4.734711 0.044608
4.734739 0.044608
4.736432 0.044576
4.740802 0.044493
4.744736 0.044420
4.745911 0.044398
4.746926 0.044379
4.747848 0.044362
4.748343 0.044352
4.752862 0.044268
4.754228 0.044243
4.755383 0.044221
4.756811 0.044195
4.756945 0.044192
4.757126 0.044189
4.761920 0.044100
4.763305 0.044074
4.764991 0.044043
4.765190 0.044039
4.765265 0.044038
4.765290 0.044037
4.765940 0.044025
4.765989 0.044024
4.768756 0.043973
4.768803 0.043973
4.770279 0.043945
4.770769 0.043936
4.771082 0.043931
4.771336 0.043926
4.771602 0.043921
4.771765 0.043918
4.776608 0.043829
4.778798 0.043789
4.779360 0.043778
4.780644 0.043755
4.782317 0.043724
4.785956 0.043658
4.786570 0.043647
4.786598 0.043646
4.789621 0.043591
4.792077 0.043546
4.795521 0.043484
4.797725 0.043444
4.800273 0.043398
4.801379 0.043378
4.801707 0.043372
4.802574 0.043356
4.803731 0.043335
4.804819 0.043316
4.804866 0.043315
4.804929 0.043314
4.807595 0.043266
4.810204 0.043219
4.815530 0.043123
4.816153 0.043112
4.816568 0.043105
4.817102 0.043095
4.819168 0.043058
4.819554 0.043051
4.820920 0.043027
4.822572 0.042997
4.822972 0.042990
4.824770 0.042958
4.824867 0.042957
4.825046 0.042953
4.827480 0.042910
4.827809 0.042904
4.830239 0.042861
4.833695 0.042800
4.835066 0.042776
4.835644 0.042765
4.835769 0.042763
4.836885 0.042743
4.838633 0.042712
4.838649 0.042712
4.840447 0.042680
4.841030 0.042670
4.841211 0.042667
4.841250 0.042666
4.841470 0.042662
4.842183 0.042650
4.842405 0.042646
4.843259 0.042631
4.843462 0.042627
4.844790 0.042604
4.846929 0.042566
4.849962 0.042513
4.850010 0.042512
4.851023 0.042495
4.852122 0.042475
4.854128 0.042440
4.855393 0.042418
4.856385 0.042401
4.856939 0.042391
4.857038 0.042389
4.859451 0.042347
4.859732 0.042342
4.860192 0.042334
4.861854 0.042305
4.863976 0.042269
4.863992 0.042268
4.865448 0.042243
4.865723 0.042238
4.866052 0.042232
4.870020 0.042164
4.870953 0.042148
4.872772 0.042116
4.873091 0.042111
4.875252 0.042073
4.875403 0.042071
4.876267 0.042056
4.879658 0.041997
4.881072 0.041973
4.881465 0.041966
4.881510 0.041965
4.883232 0.041936
4.883957 0.041923
4.884445 0.041915
4.886865 0.041874
4.890694 0.041808
4.894273 0.041747
4.894343 0.041746
4.897869 0.041686
4.900379 0.041643
4.900761 0.041636
4.901831 0.041618
4.902737 0.041603
4.903368 0.041592
4.907386 0.041524
4.908585 0.041504
4.908926 0.041498
4.913054 0.041428
4.915232 0.041392
4.921219 0.041291
4.921338 0.041289
4.923690 0.041249
4.925341 0.041222
4.927244 0.041190
4.928367 0.041171
4.928831 0.041163
4.933797 0.041081
4.934591 0.041067
4.935185 0.041058
4.935606 0.041051
4.937300 0.041022
4.940842 0.040964
4.942873 0.040930
4.944326 0.040906
4.945103 0.040893
4.946422 0.040871
4.946953 0.040862
4.947488 0.040854
4.948756 0.040833
4.949829 0.040815
4.953428 0.040756
4.959692 0.040653
4.959968 0.040648
4.960737 0.040636
4.962890 0.040600
4.963726 0.040587
4.963826 0.040585
4.964863 0.040568
4.966021 0.040549
4.966811 0.040536
4.968508 0.040509
4.970333 0.040479
4.970626 0.040474
4.970697 0.040473
4.973095 0.040434
4.974174 0.040416
4.976599 0.040377
4.977731 0.040359
4.978812 0.040341
4.979217 0.040335
4.979923 0.040323
4.980397 0.040315
4.982820 0.040276
4.986164 0.040222
4.986478 0.040217
4.988862 0.040179
4.990651 0.040150
4.991059 0.040143
4.991253 0.040140
4.991628 0.040134
4.992055 0.040127
4.992249 0.040124
4.994821 0.040083
4.994934 0.040081
4.996049 0.040063
4.997031 0.040048
4.997318 0.040043
4.999907 0.040001
5.000326 0.039995
5.001441 0.039977
5.001610 0.039974
5.001655 0.039974
5.002724 0.039956
5.003599 0.039942
5.004648 0.039926
5.005600 0.039911
5.006492 0.039896
5.006607 0.039895
5.006630 0.039894
5.007438 0.039881
5.009398 0.039850
5.010291 0.039836
5.010681 0.039830
5.011139 0.039822
5.011482 0.039817
5.013753 0.039781
5.014117 0.039775
5.014986 0.039761
5.015032 0.039761
5.015727 0.039750
5.015830 0.039748
5.019342 0.039692
5.022010 0.039650
5.025060 0.039602
5.025121 0.039601
5.025428 0.039596
5.025657 0.039593
5.028883 0.039542
5.031264 0.039504
5.031548 0.039500
5.031555 0.039500
5.032049 0.039492
5.034039 0.039461
5.035221 0.039442
5.036026 0.039430
5.039408 0.039377
5.040207 0.039364
5.040580 0.039359
5.042078 0.039335
5.043568 0.039312
5.048140 0.039241
5.052157 0.039178
5.055084 0.039133
5.055186 0.039131
5.055567 0.039126
5.056185 0.039116
5.057002 0.039103
5.057616 0.039094
5.058733 0.039077
5.059217 0.039069
5.061077 0.039040
5.062726 0.039015
5.063260 0.039007
5.064046 0.038995
5.064478 0.038988
5.070836 0.038890
5.073923 0.038843
5.074459 0.038835
5.074505 0.038834
5.076460 0.038804
5.077265 0.038792
5.078066 0.038780
5.080626 0.038741
5.081075 0.038734
5.082745 0.038708
5.082804 0.038707
5.082947 0.038705
5.086156 0.038656
5.087270 0.038639
5.088037 0.038628
5.090045 0.038597
5.091062 0.038582
5.092806 0.038555
5.093256 0.038549
5.093506 0.038545
5.093728 0.038541
5.093734 0.038541
5.093894 0.038539
5.095946 0.038508
5.097596 0.038483
5.097835 0.038479
5.099462 0.038455
5.105064 0.038371
5.105099 0.038370
5.107356 0.038336
5.109759 0.038300
5.112400 0.038260
5.114003 0.038236
5.116042 0.038206
5.116866 0.038194
5.117091 0.038190
5.118881 0.038164
5.120314 0.038142
5.122558 0.038109
5.122643 0.038108
5.122873 0.038104
5.122913 0.038104
5.122977 0.038103
5.123830 0.038090
5.123911 0.038089
5.126608 0.038049
5.127355 0.038038
5.127405 0.038037
5.129437 0.038007
5.130455 0.037992
5.131607 0.037975
5.132178 0.037966
5.136913 0.037896
5.136921 0.037896
5.137941 0.037881
5.138274 0.037876
5.138786 0.037869
5.140287 0.037846
5.141824 0.037824
5.143673 0.037797
5.144284 0.037788
5.145442 0.037771
5.148893 0.037720
5.150464 0.037697
5.151780 0.037678
5.152473 0.037668
5.152799 0.037663
5.153580 0.037651
5.155674 0.037621
5.156544 0.037608
5.157170 0.037599
5.159486 0.037565
5.161864 0.037531
5.162008 0.037529
5.164081 0.037499
5.164964 0.037486
5.165506 0.037478
5.169161 0.037425
5.170286 0.037409
5.171181 0.037396
5.171552 0.037390
5.173617 0.037360
5.173884 0.037357
5.176441 0.037320
5.176887 0.037313
5.177150 0.037309
5.177321 0.037307
5.178908 0.037284
5.179153 0.037281
5.179830 0.037271
5.180376 0.037263
5.182098 0.037238
5.182507 0.037232
5.185362 0.037191
5.187047 0.037167
5.187153 0.037166
5.187395 0.037162
5.190786 0.037114
5.190862 0.037113
5.191734 0.037100
5.195618 0.037045
5.198473 0.037004
5.199892 0.036984
5.199902 0.036984
5.203601 0.036931
5.204002 0.036925
5.205212 0.036908
5.207063 0.036882
5.208005 0.036869
5.211598 0.036818
5.212677 0.036803
5.213347 0.036793
5.216182 0.036753
5.217231 0.036738
5.218032 0.036727
5.218983 0.036714
5.223109 0.036656
5.223291 0.036653
5.223480 0.036651
5.223522 0.036650
5.226713 0.036605
5.226909 0.036602
5.226971 0.036602
5.229994 0.036559
5.230915 0.036546
5.233119 0.036516
5.233329 0.036513
5.234614 0.036495
5.235695 0.036480
5.239013 0.036434
5.240215 0.036417
5.243523 0.036371
5.246490 0.036330
5.246667 0.036327
5.247369 0.036318
5.249195 0.036292
5.249711 0.036285
5.251629 0.036259
5.252384 0.036248
5.252540 0.036246
5.252579 0.036246
5.254067 0.036225
5.254434 0.036220
5.255118 0.036211
5.260392 0.036138
5.260842 0.036132
5.260968 0.036130
5.264092 0.036087
5.264151 0.036086
5.267975 0.036034
5.268143 0.036032
5.268256 0.036030
5.268966 0.036020
5.269508 0.036013
5.271191 0.035990
5.271860 0.035981
5.272171 0.035977
5.272290 0.035975
5.273376 0.035960
5.273494 0.035959
5.273715 0.035956
5.273885 0.035953
5.274670 0.035943
5.275850 0.035927
5.275922 0.035926
5.276971 0.035911
5.279529 0.035876
5.282699 0.035833
5.285332 0.035798
5.287228 0.035772
5.289186 0.035746
5.289966 0.035735
5.290138 0.035733
5.290288 0.035731
5.292588 0.035700
5.292883 0.035696
5.293436 0.035688
5.293572 0.035686
5.294746 0.035671
5.296418 0.035648
5.297620 0.035632
5.300642 0.035591
5.301505 0.035580
5.302640 0.035564
5.303689 0.035550
5.305246 0.035529
5.305928 0.035520
5.307933 0.035494
5.308390 0.035487
5.310179 0.035464
5.312144 0.035437
5.312789 0.035429
5.316408 0.035380
5.317477 0.035366
5.319162 0.035344
5.319269 0.035342
5.321062 0.035319
5.324350 0.035275
5.325099 0.035265
5.326150 0.035251
5.326415 0.035248
5.327329 0.035236
5.328765 0.035217
5.331846 0.035176
5.332470 0.035168
5.334955 0.035135
5.335949 0.035122
5.337242 0.035105
5.343734 0.035020
5.344091 0.035015
5.346443 0.034984
5.347638 0.034968
5.347899 0.034965
5.349007 0.034951
5.349292 0.034947
5.349676 0.034942
5.355137 0.034871
5.355386 0.034867
5.355438 0.034867
5.356405 0.034854
5.357940 0.034834
5.359628 0.034812
5.360393 0.034802
5.360593 0.034800
5.362736 0.034772
5.365603 0.034735
5.366092 0.034728
5.366637 0.034721
5.367499 0.034710
5.367778 0.034707
5.368129 0.034702
5.370099 0.034677
5.371294 0.034661
5.373505 0.034633
5.374069 0.034625
5.374272 0.034623
5.374299 0.034622
5.377471 0.034581
5.378779 0.034565
5.383795 0.034500
5.384515 0.034491
5.385633 0.034477
5.386817 0.034462
5.388038 0.034446
5.388725 0.034437
5.389245 0.034431
5.389583 0.034426
5.389812 0.034423
5.391102 0.034407
5.392076 0.034394
5.393310 0.034379
5.396035 0.034344
5.396382 0.034340
5.398576 0.034312
5.399808 0.034296
5.400879 0.034282
5.401121 0.034279
5.401737 0.034271
5.402348 0.034264
5.405873 0.034219
5.406340 0.034213
5.411930 0.034143
5.414262 0.034113
5.414334 0.034112
5.414487 0.034110
5.415863 0.034093
5.416194 0.034089
5.416318 0.034087
5.417368 0.034074
5.418025 0.034066
5.419583 0.034046
5.419836 0.034043
5.421595 0.034021
5.423293 0.034000
5.424103 0.033989
5.426829 0.033955
5.427678 0.033945
5.430061 0.033915
5.431970 0.033891
5.432329 0.033887
5.432588 0.033883
5.433688 0.033870
5.436293 0.033837
5.436723 0.033832
5.436975 0.033829
5.437561 0.033821
5.438623 0.033808
5.439322 0.033800
5.439960 0.033792
5.442498 0.033760
5.442519 0.033760
5.442610 0.033759
5.443058 0.033753
5.446670 0.033708
5.450210 0.033665
5.452116 0.033641
5.452133 0.033641
5.453011 0.033630
5.453048 0.033630
5.453515 0.033624
5.453642 0.033622
5.453883 0.033619
5.454066 0.033617
5.454786 0.033608
5.457050 0.033580
5.460311 0.033540
5.461557 0.033525
5.461676 0.033523
5.462453 0.033514
5.462746 0.033510
5.462827 0.033509
5.462836 0.033509
5.463361 0.033503
5.463462 0.033501
5.464356 0.033491
5.464740 0.033486
5.467236 0.033455
5.468326 0.033442
5.468938 0.033434
5.469002 0.033434
5.470577 0.033414
5.470853 0.033411
5.472634 0.033389
5.472655 0.033389
5.472969 0.033385
5.473239 0.033382
5.474136 0.033371
5.475203 0.033358
5.476150 0.033346
5.476422 0.033343
5.476736 0.033339
5.478528 0.033317
5.479906 0.033301
5.480434 0.033294
5.481249 0.033284
5.483497 0.033257
5.483809 0.033253
5.486268 0.033224
5.488752 0.033193
5.488966 0.033191
5.489166 0.033188
5.490907 0.033167
5.493546 0.033136
5.493594 0.033135
5.494815 0.033120
5.496669 0.033098
5.496786 0.033097
5.497229 0.033091
5.497254 0.033091
5.498101 0.033081
5.499125 0.033068
5.499567 0.033063
5.502268 0.033031
5.505699 0.032989
5.505927 0.032987
5.511254 0.032923
5.512462 0.032909
5.513724 0.032893
5.514721 0.032882
5.515473 0.032873
5.518619 0.032835
5.519263 0.032827
5.519766 0.032822
5.521600 0.032800
5.521956 0.032795
5.526002 0.032747
5.529100 0.032711
5.530373 0.032696
5.532532 0.032670
5.536075 0.032628
5.537632 0.032610
5.537765 0.032609
5.538566 0.032599
5.539553 0.032587
5.539705 0.032586
5.544576 0.032528
5.544937 0.032524
5.545448 0.032518
5.546393 0.032507
5.546459 0.032506
5.548170 0.032486
5.551692 0.032445
5.553343 0.032426
5.554326 0.032414
5.562748 0.032316
5.563022 0.032313
5.563843 0.032304
5.564572 0.032295
5.565700 0.032282
5.567873 0.032257
5.569729 0.032235
5.572198 0.032207
5.576438 0.032158
5.578984 0.032128
5.579661 0.032121
5.581513 0.032099
5.581684 0.032097
5.583945 0.032071
5.584015 0.032071
5.593580 0.031961
5.596130 0.031932
5.596278 0.031930
5.598036 0.031910
5.598534 0.031904
5.601421 0.031872
5.604528 0.031836
5.605131 0.031829
5.606347 0.031816
5.608203 0.031795
5.608451 0.031792
5.609956 0.031775
5.612520 0.031746
5.614202 0.031727
5.614860 0.031719
5.615343 0.031714
5.615737 0.031709
5.616647 0.031699
5.617338 0.031691
5.618704 0.031676
5.619818 0.031663
5.625397 0.031600
5.627030 0.031582
5.629771 0.031551
5.630273 0.031546
5.632487 0.031521
5.634594 0.031497
5.634806 0.031495
5.639926 0.031438
5.640667 0.031430
5.641381 0.031422
5.644610 0.031386
5.645226 0.031379
5.648897 0.031338
5.649810 0.031328
5.651771 0.031306
5.652733 0.031296
5.654528 0.031276
5.658190 0.031235
5.659061 0.031226
5.659299 0.031223
5.661711 0.031196
5.662190 0.031191
5.662994 0.031182
5.664276 0.031168
5.666357 0.031145
5.666599 0.031143
5.667471 0.031133
5.673664 0.031065
5.673883 0.031063
5.674515 0.031056
5.674847 0.031052
5.675224 0.031048
5.676386 0.031035
5.678037 0.031017
5.678228 0.031015
5.681809 0.030976
5.689004 0.030898
5.690787 0.030878
5.691316 0.030873
5.691969 0.030866
5.692163 0.030864
5.694722 0.030836
5.696501 0.030817
5.698246 0.030798
5.698738 0.030792
5.699242 0.030787
5.703632 0.030740
5.703769 0.030738
5.704141 0.030734
5.705335 0.030721
5.706698 0.030706
5.707138 0.030702
5.707880 0.030694
5.708057 0.030692
5.708223 0.030690
5.710852 0.030662
5.721866 0.030544
5.722242 0.030540
5.726852 0.030491
5.727549 0.030483
5.728210 0.030476
5.728327 0.030475
5.728876 0.030469
5.729997 0.030457
5.730553 0.030451
5.731242 0.030444
5.731523 0.030441
5.731563 0.030441
5.731905 0.030437
5.733636 0.030419
5.734137 0.030413
5.735056 0.030404
5.735755 0.030396
5.736186 0.030392
5.736359 0.030390
5.738609 0.030366
5.738799 0.030364
5.739802 0.030353
5.743090 0.030319
5.747252 0.030275
5.749064 0.030256
5.749648 0.030249
5.752172 0.030223
5.752595 0.030218
5.753676 0.030207
5.754491 0.030199
5.755760 0.030185
5.756866 0.030174
5.757623 0.030166
5.758623 0.030155
5.759747 0.030143
5.765241 0.030086
5.765340 0.030085
5.765791 0.030080
5.767091 0.030067
5.768096 0.030056
5.768181 0.030055
5.770114 0.030035
5.770616 0.030030
5.770695 0.030029
5.774516 0.029989
5.775377 0.029981
5.778295 0.029950
5.778554 0.029948
5.778764 0.029945
5.779302 0.029940
5.779322 0.029940
5.779548 0.029937
5.779956 0.029933
5.783196 0.029900
5.783821 0.029893
5.785944 0.029871
5.787284 0.029857
5.788068 0.029849
5.789355 0.029836
5.794332 0.029785
5.797691 0.029750
5.798695 0.029740
5.799593 0.029731
5.799937 0.029727
5.800926 0.029717
5.805787 0.029667
5.806520 0.029660
5.809110 0.029633
5.809618 0.029628
5.811599 0.029608
5.812922 0.029595
5.815809 0.029565
5.817531 0.029548
5.818956 0.029533
5.819516 0.029527
5.820423 0.029518
5.824545 0.029477
5.824934 0.029473
5.826533 0.029456
5.827552 0.029446
5.831701 0.029404
5.833680 0.029384
5.837025 0.029351
5.837115 0.029350
5.837564 0.029345
5.838445 0.029336
5.839128 0.029329
5.839372 0.029327
5.840523 0.029315
5.841654 0.029304
5.842389 0.029297
5.843665 0.029284
5.845439 0.029266
5.845960 0.029261
5.846656 0.029254
5.847986 0.029241
5.849837 0.029222
5.849979 0.029221
5.850801 0.029213
5.853443 0.029186
5.854707 0.029174
5.855682 0.029164
5.855835 0.029162
5.856605 0.029155
5.857375 0.029147
5.858581 0.029135
5.859644 0.029124
5.862048 0.029101
5.863584 0.029085
5.864381 0.029077
5.864439 0.029077
5.865948 0.029062
5.871628 0.029006
5.873082 0.028991
5.874658 0.028976
5.875271 0.028970
5.875684 0.028966
5.876069 0.028962
5.876128 0.028961
5.876567 0.028957
5.877888 0.028944
5.879022 0.028933
5.880502 0.028918
5.880611 0.028917
5.880614 0.028917
5.880875 0.028915
5.884457 0.028879
5.888166 0.028843
5.892590 0.028800
5.892711 0.028798
5.896306 0.028763
5.896953 0.028757
5.899166 0.028735
5.899213 0.028735
5.900516 0.028722
5.906740 0.028662
5.910512 0.028625
5.910571 0.028625
5.912974 0.028601
5.913636 0.028595
5.917018 0.028562
5.920021 0.028533
5.920141 0.028532
5.920444 0.028529
5.924194 0.028493
5.927778 0.028459
5.928857 0.028448
5.929548 0.028442
5.929824 0.028439
5.933398 0.028405
5.934704 0.028392
5.937745 0.028363
5.938337 0.028358
5.940310 0.028339
5.941673 0.028326
5.942530 0.028318
5.943247 0.028311
5.943439 0.028309
5.943760 0.028306
5.946402 0.028281
5.946433 0.028280
5.949406 0.028252
5.950853 0.028238
5.956455 0.028185
5.958489 0.028166
5.960743 0.028145
5.961846 0.028134
5.965259 0.028102
5.966063 0.028095
5.970432 0.028054
5.971547 0.028043
5.971913 0.028040
5.972278 0.028036
5.975089 0.028010
5.975602 0.028005
5.977541 0.027987
5.980539 0.027959
5.980889 0.027956
5.981290 0.027952
5.982602 0.027940
5.987313 0.027896
5.990946 0.027862
5.991718 0.027855
5.991964 0.027852
5.992333 0.027849
5.992572 0.027847
5.994039 0.027833
5.997148 0.027804
5.999967 0.027778
6.001878 0.027760
6.002436 0.027755
6.002754 0.027752
6.005714 0.027725
6.010905 0.027677
6.011212 0.027674
6.011747 0.027669
6.013318 0.027655
6.013425 0.027654
6.013921 0.027649
6.015010 0.027639
6.016860 0.027622
6.016876 0.027622
6.019223 0.027601
6.020574 0.027588
6.021669 0.027578
6.021956 0.027576
6.024064 0.027556
6.024108 0.027556
6.024625 0.027551
6.026627 0.027533
6.027435 0.027525
6.029084 0.027510
6.033790 0.027468
6.034575 0.027460
6.034883 0.027458
6.034944 0.027457
6.036747 0.027441
6.038666 0.027423
6.039458 0.027416
6.041315 0.027399
6.042251 0.027391
6.043395 0.027380
6.045356 0.027363
6.046310 0.027354
6.047064 0.027347
6.047120 0.027347
6.047938 0.027339
6.048169 0.027337
6.051781 0.027304
6.056011 0.027266
6.056418 0.027263
6.057290 0.027255
6.060334 0.027227
6.062264 0.027210
6.062543 0.027208
6.064054 0.027194
6.065386 0.027182
6.066128 0.027175
6.070695 0.027135
6.072291 0.027120
6.073145 0.027113
6.079621 0.027055
6.081887 0.027035
6.083523 0.027020
6.084412 0.027012
6.086912 0.026990
6.087875 0.026982
6.088410 0.026977
6.089482 0.026967
6.091567 0.026949
6.092358 0.026942
6.092732 0.026939
6.094352 0.026924
6.094969 0.026919
6.096953 0.026901
6.097785 0.026894
6.098106 0.026891
6.101797 0.026859
6.102036 0.026857
6.107175 0.026811
6.107443 0.026809
6.110603 0.026781
6.110932 0.026778
6.111309 0.026775
6.111798 0.026771
6.113945 0.026752
6.114033 0.026751
6.114456 0.026748
6.114575 0.026747
6.115304 0.026740
6.118331 0.026714
6.118645 0.026711
6.120495 0.026695
6.121670 0.026685
6.122108 0.026681
6.122609 0.026676
6.125090 0.026655
6.127323 0.026635
6.131032 0.026603
6.131572 0.026598
6.133610 0.026581
6.133619 0.026581
6.134354 0.026574
6.135356 0.026566
6.136334 0.026557
6.136680 0.026554
6.139593 0.026529
6.139612 0.026529
6.140178 0.026524
6.141044 0.026516
6.142948 0.026500
6.144649 0.026485
6.145837 0.026475
6.145937 0.026474
6.146960 0.026465
6.151415 0.026427
6.152760 0.026416
6.154606 0.026400
6.154747 0.026399
6.157147 0.026378
6.158689 0.026365
6.158719 0.026364
6.159211 0.026360
6.159853 0.026355
6.162484 0.026332
6.162525 0.026332
6.162793 0.026330
6.168792 0.026278
6.169035 0.026276
6.169766 0.026270
6.171170 0.026258
6.172568 0.026246
6.176798 0.026210
6.178088 0.026199
6.178772 0.026194
6.180762 0.026177
6.181110 0.026174
6.181157 0.026173
6.181916 0.026167
6.183163 0.026156
6.184742 0.026143
6.189792 0.026100
6.190308 0.026096
6.191348 0.026087
6.191507 0.026086
6.192786 0.026075
6.193623 0.026068
6.193904 0.026066
6.195549 0.026052
6.197237 0.026038
6.200519 0.026010
6.202223 0.025996
6.208468 0.025944
6.209878 0.025932
6.209901 0.025932
6.211893 0.025915
6.214594 0.025893
6.219204 0.025854
6.220536 0.025843
6.224444 0.025811
6.225249 0.025804
6.226125 0.025797
6.226490 0.025794
6.229207 0.025771
6.232459 0.025744
6.233913 0.025732
6.234951 0.025724
6.235713 0.025717
6.243148 0.025656
6.245021 0.025641
6.245762 0.025635
6.246875 0.025626
6.249598 0.025603
6.250022 0.025600
6.251128 0.025591
6.252039 0.025583
6.252270 0.025581
6.252674 0.025578
6.252974 0.025576
6.254709 0.025561
6.257257 0.025541
6.260515 0.025514
6.260529 0.025514
6.260661 0.025513
6.261449 0.025506
6.263028 0.025494
6.263086 0.025493
6.263779 0.025487
6.264505 0.025482
6.265013 0.025477
6.266171 0.025468
6.267687 0.025456
6.268853 0.025446
6.269964 0.025437
6.271791 0.025422
6.271815 0.025422
6.274241 0.025403
6.276031 0.025388
6.276079 0.025388
6.279330 0.025361
6.279968 0.025356
6.281046 0.025348
6.281541 0.025344
6.283467 0.025328
6.286999 0.025300
6.288427 0.025288
6.292065 0.025259
6.293412 0.025248
6.293846 0.025245
6.293898 0.025244
6.295060 0.025235
6.295156 0.025234
6.298000 0.025211
6.300230 0.025193
6.303459 0.025168
6.303554 0.025167
6.305863 0.025148
6.306461 0.025144
6.309542 0.025119
6.309980 0.025116
6.314282 0.025081
6.316416 0.025064
6.317498 0.025056
6.321662 0.025023
6.322151 0.025019
6.322829 0.025014
6.322934 0.025013
6.324241 0.025002
6.325892 0.024989
6.327145 0.024980
6.329076 0.024964
6.331608 0.024944
6.332716 0.024936
6.335587 0.024913
6.335668 0.024912
6.337219 0.024900
6.337530 0.024898
6.337916 0.024895
6.337969 0.024894
6.339348 0.024883
6.342643 0.024858
6.344467 0.024843
6.345916 0.024832
6.347515 0.024819
6.350124 0.024799
6.351807 0.024786
6.354128 0.024768
6.358397 0.024735
6.359174 0.024729
6.360880 0.024715
6.361101 0.024714
6.362126 0.024706
6.364175 0.024690
6.368036 0.024660
6.370264 0.024643
6.370935 0.024637
6.371406 0.024634
6.371502 0.024633
6.373831 0.024615
6.374263 0.024612
6.375018 0.024606
6.376804 0.024592
6.376971 0.024591
6.377726 0.024585
6.378451 0.024579
6.379735 0.024569
6.380711 0.024562
6.381638 0.024555
6.382363 0.024549
6.383305 0.024542
6.384611 0.024532
6.385504 0.024525
6.387935 0.024506
6.390605 0.024486
6.391424 0.024480
6.394916 0.024453
6.395793 0.024446
6.399928 0.024415
6.400270 0.024412
6.402546 0.024395
6.403741 0.024386
6.403767 0.024385
6.405144 0.024375
6.407220 0.024359
6.407499 0.024357
6.407504 0.024357
6.408572 0.024349
6.409906 0.024339
6.411343 0.024328
6.412461 0.024319
6.412844 0.024316
6.413523 0.024311
6.414870 0.024301
6.416095 0.024292
6.421276 0.024253
6.422341 0.024245
6.423704 0.024234
6.429248 0.024192
6.430854 0.024180
6.432134 0.024171
6.433171 0.024163
6.437239 0.024132
6.438901 0.024120
6.438910 0.024120
6.442282 0.024095
6.442480 0.024093
6.445484 0.024071
6.447144 0.024058
6.448642 0.024047
6.450484 0.024033
6.453091 0.024014
6.453302 0.024012
6.454251 0.024005
6.455607 0.023995
6.457850 0.023979
6.459139 0.023969
6.461429 0.023952
6.463650 0.023936
6.466080 0.023918
6.466652 0.023913
6.467879 0.023904
6.473013 0.023866
6.474114 0.023858
6.474613 0.023855
6.475752 0.023846
6.476511 0.023841
6.477093 0.023836
6.479035 0.023822
6.482171 0.023799
6.485402 0.023775
6.489193 0.023748
6.489539 0.023745
6.489539 0.023745
6.490368 0.023739
6.490986 0.023734
6.493579 0.023715
6.495420 0.023702
6.496833 0.023692
6.498238 0.023681
6.501996 0.023654
6.503980 0.023640
6.504825 0.023634
6.505049 0.023632
6.506727 0.023620
6.509353 0.023601
6.509679 0.023598
6.510356 0.023593
6.510561 0.023592
6.511361 0.023586
6.511674 0.023584
6.514472 0.023564
6.517194 0.023544
6.523955 0.023495
6.526521 0.023477
6.526754 0.023475
6.527870 0.023467
6.528203 0.023465
6.528496 0.023462
6.528762 0.023461
6.529959 0.023452
6.530079 0.023451
6.530099 0.023451
6.530140 0.023451
6.534002 0.023423
6.535784 0.023410
6.536180 0.023407
6.537088 0.023401
6.537641 0.023397
6.539238 0.023385
6.540504 0.023376
6.540654 0.023375
6.541125 0.023372
6.542908 0.023359
6.543161 0.023357
6.543385 0.023356
6.545544 0.023340
6.547625 0.023326
6.548043 0.023323
6.551094 0.023301
6.553027 0.023287
6.555232 0.023271
6.556660 0.023261
6.558092 0.023251
6.560291 0.023236
6.560787 0.023232
6.561740 0.023225
6.562089 0.023223
6.563099 0.023216
6.563814 0.023211
6.564339 0.023207
6.564768 0.023204
6.565121 0.023201
6.565186 0.023201
6.565610 0.023198
6.567088 0.023188
6.567753 0.023183
6.569191 0.023173
6.569675 0.023169
6.570789 0.023161
6.575560 0.023128
6.576120 0.023124
6.578113 0.023110
6.578998 0.023104
6.579845 0.023098
6.579952 0.023097
6.580747 0.023091
6.580790 0.023091
6.581758 0.023084
6.585832 0.023056
6.586673 0.023050
6.589315 0.023031
6.589329 0.023031
6.591050 0.023019
6.591153 0.023019
6.591400 0.023017
6.592500 0.023009
6.593234 0.023004
6.594024 0.022998
6.594185 0.022997
6.595185 0.022990
6.595581 0.022988
6.602245 0.022941
6.603167 0.022935
6.604437 0.022926
6.606449 0.022912
6.609202 0.022893
6.610335 0.022885
6.615370 0.022850
6.615917 0.022847
6.617764 0.022834
6.617880 0.022833
6.619199 0.022824
6.619487 0.022822
6.619612 0.022821
6.623433 0.022795
6.623758 0.022792
6.624921 0.022784
6.625977 0.022777
6.626606 0.022773
6.627741 0.022765
6.629296 0.022754
6.634500 0.022719
6.634774 0.022717
6.635125 0.022714
6.638959 0.022688
6.641475 0.022671
6.645599 0.022643
6.646113 0.022639
6.647309 0.022631
6.647938 0.022627
6.648118 0.022626
6.650419 0.022610
6.651666 0.022602
6.652940 0.022593
6.657616 0.022561
6.657688 0.022561
6.657852 0.022560
6.658221 0.022557
6.662961 0.022525
6.665027 0.022511
6.666112 0.022504
6.667343 0.022495
6.672055 0.022464
6.672923 0.022458
6.672983 0.022457
6.677678 0.022426
6.677774 0.022425
6.677902 0.022424
6.680138 0.022409
6.681152 0.022403
6.685659 0.022372
6.686062 0.022370
6.688481 0.022353
6.688748 0.022352
6.690769 0.022338
6.690888 0.022337
6.691153 0.022336
6.693556 0.022320
6.695444 0.022307
6.696093 0.022303
6.697624 0.022292
6.698441 0.022287
6.698464 0.022287
6.699573 0.022280
6.700205 0.022275
6.702079 0.022263
6.702972 0.022257
6.705419 0.022241
6.705971 0.022237
6.708071 0.022223
6.710550 0.022207
6.713638 0.022186
6.718378 0.022155
6.718579 0.022154
6.721305 0.022136
6.721382 0.022135
6.721668 0.022133
6.721880 0.022132
6.722376 0.022129
6.724426 0.022115
6.725879 0.022106
6.728157 0.022091
6.731483 0.022069
6.732665 0.022061
6.733187 0.022058
6.733345 0.022057
6.734393 0.022050
6.735508 0.022042
6.736728 0.022034
6.739188 0.022018
6.741527 0.022003
6.741787 0.022001
6.744687 0.021982
6.745580 0.021977
6.748248 0.021959
6.748693 0.021956
6.750267 0.021946
6.750354 0.021946
6.750440 0.021945
6.751054 0.021941
6.751234 0.021940
6.755391 0.021913
6.755944 0.021909
6.757491 0.021899
6.757675 0.021898
6.758916 0.021890
6.759355 0.021887
6.763876 0.021858
6.764491 0.021854
6.765004 0.021851
6.766798 0.021839
6.768295 0.021829
6.769093 0.021824
6.769364 0.021822
6.770321 0.021816
6.771982 0.021806
6.775015 0.021786
6.775390 0.021784
6.776958 0.021774
6.777549 0.021770
6.777721 0.021769
6.778677 0.021763
6.783125 0.021734
6.787086 0.021709
6.787432 0.021706
6.788027 0.021703
6.788518 0.021700
6.789886 0.021691
6.790180 0.021689
6.791052 0.021683
6.791080 0.021683
6.791421 0.021681
6.791831 0.021678
6.791950 0.021678
6.793929 0.021665
6.794038 0.021664
6.794699 0.021660
6.795478 0.021655
6.798010 0.021639
6.798321 0.021637
6.804913 0.021595
6.805168 0.021593
6.805948 0.021589
6.807199 0.021581
6.808248 0.021574
6.808620 0.021572
6.814064 0.021537
6.815227 0.021530
6.815517 0.021528
6.815869 0.021526
6.816456 0.021522
6.819021 0.021506
6.819347 0.021504
6.820093 0.021499
6.820238 0.021498
6.823446 0.021478
6.824391 0.021472
6.825397 0.021466
6.828130 0.021448
6.828566 0.021446
6.832229 0.021423
6.832424 0.021422
6.832945 0.021418
6.835234 0.021404
6.836147 0.021398
6.838775 0.021382
6.839994 0.021374
6.843240 0.021354
6.844165 0.021348
6.844721 0.021345
6.845882 0.021337
6.846377 0.021334
6.846576 0.021333
6.847016 0.021330
6.850539 0.021308
6.851084 0.021305
6.851720 0.021301
6.855481 0.021278
6.855929 0.021275
6.856638 0.021270
6.858560 0.021259
6.860196 0.021248
6.860199 0.021248
6.860890 0.021244
6.862204 0.021236
6.863662 0.021227
6.867630 0.021202
6.867777 0.021202
6.868161 0.021199
6.870115 0.021187
6.870211 0.021187
6.870410 0.021185
6.870708 0.021183
6.871955 0.021176
6.873098 0.021169
6.875049 0.021157
6.876987 0.021145
6.877954 0.021139
6.878330 0.021137
6.879272 0.021131
6.879363 0.021130
6.880360 0.021124
6.881305 0.021118
6.882453 0.021111
6.887115 0.021083
6.892574 0.021049
6.894680 0.021036
6.895014 0.021034
6.895374 0.021032
6.895885 0.021029
6.896576 0.021025
6.897736 0.021018
6.900054 0.021004
6.900158 0.021003
6.901043 0.020998
6.903694 0.020982
6.907530 0.020958
6.912907 0.020926
6.913232 0.020924
6.922740 0.020866
6.924515 0.020856
6.927128 0.020840
6.931947 0.020811
6.937624 0.020777
6.939580 0.020765
6.941433 0.020754
6.943570 0.020741
6.943884 0.020739
6.944907 0.020733
6.945055 0.020732
6.945156 0.020732
6.947348 0.020719
6.949276 0.020707
6.950108 0.020702
6.952677 0.020687
6.956081 0.020667
6.956203 0.020666
6.956915 0.020662
6.958039 0.020655
6.958429 0.020653
6.958608 0.020652
6.958647 0.020651
6.958701 0.020651
6.959471 0.020647
6.960030 0.020643
6.960684 0.020639
6.960883 0.020638
6.964709 0.020616
6.965552 0.020611
6.965824 0.020609
6.966639 0.020604
6.967153 0.020601
6.969648 0.020586
6.971337 0.020576
6.971554 0.020575
6.972331 0.020570
6.973409 0.020564
6.973618 0.020563
6.974242 0.020559
6.974484 0.020558
6.975811 0.020550
6.976259 0.020547
6.980818 0.020520
6.984245 0.020500
6.984332 0.020500
6.984433 0.020499
6.984922 0.020496
6.986616 0.020486
6.987093 0.020484
6.987223 0.020483
6.988421 0.020476
6.989343 0.020470
6.989506 0.020469
6.991777 0.020456
6.991976 0.020455
6.995072 0.020437
6.996502 0.020429
6.996612 0.020428
6.996866 0.020426
6.997381 0.020423
6.997788 0.020421
6.999182 0.020413
6.999795 0.020409
7.001405 0.020400
7.001439 0.020400
7.002410 0.020394
7.003062 0.020390
7.004833 0.020380
7.006744 0.020369
7.008094 0.020361
7.008516 0.020359
7.017080 0.020309
7.021625 0.020283
7.022385 0.020278
7.022870 0.020275
7.024494 0.020266
7.025552 0.020260
7.027715 0.020248
7.029327 0.020238
7.032540 0.020220
7.033349 0.020215
7.033862 0.020212
7.036644 0.020196
7.036738 0.020196
7.037935 0.020189
7.038146 0.020188
7.040047 0.020177
7.040453 0.020174
7.040793 0.020172
7.041600 0.020168
7.052185 0.020107
7.053039 0.020102
7.053087 0.020102
7.054843 0.020092
7.054961 0.020091
7.055383 0.020089
7.055786 0.020087
7.055900 0.020086
7.057532 0.020077
7.058988 0.020069
7.060601 0.020059
7.060846 0.020058
7.061187 0.020056
7.062278 0.020050
7.064663 0.020036
7.066540 0.020026
7.068356 0.020015
7.071369 0.019998
7.073083 0.019989
7.073785 0.019985
7.073872 0.019984
7.074194 0.019982
7.074400 0.019981
7.078988 0.019955
7.081311 0.019942
7.082004 0.019938
7.082097 0.019938
7.084609 0.019924
7.084737 0.019923
7.084900 0.019922
7.084908 0.019922
7.086258 0.019914
7.087075 0.019910
7.087890 0.019905
7.088002 0.019905
7.088449 0.019902
7.089882 0.019894
7.089943 0.019894
7.091902 0.019883
7.092878 0.019877
7.093873 0.019872
7.094623 0.019867
7.096472 0.019857
7.096535 0.019857
7.098356 0.019847
7.098538 0.019846
7.100652 0.019834
7.100716 0.019833
7.100819 0.019833
7.101859 0.019827
7.103800 0.019816
7.104092 0.019814
7.104404 0.019813
7.110862 0.019777
7.111929 0.019771
7.113395 0.019763
7.117484 0.019740
7.121285 0.019719
7.122860 0.019710
7.123820 0.019705
7.125893 0.019693
7.126485 0.019690
7.128812 0.019677
7.130373 0.019669
7.130703 0.019667
7.132413 0.019657
7.133460 0.019652
7.133662 0.019651
7.139347 0.019619
7.140408 0.019613
7.143113 0.019599
7.143898 0.019594
7.145189 0.019587
7.147191 0.019576
7.148466 0.019569
7.151436 0.019553
7.153365 0.019542
7.154215 0.019538
7.154268 0.019538
7.156852 0.019523
7.160766 0.019502
7.163266 0.019488
7.167460 0.019466
7.170189 0.019451
7.171844 0.019442
7.174691 0.019426
7.175235 0.019424
7.175869 0.019420
7.176505 0.019417
7.176755 0.019415
7.177521 0.019411
7.177871 0.019409
7.180526 0.019395
7.182798 0.019383
7.183492 0.019379
7.184126 0.019375
7.185479 0.019368
7.186036 0.019365
7.190141 0.019343
7.191416 0.019336
7.194579 0.019319
7.195859 0.019312
7.196517 0.019309
7.198661 0.019297
7.200061 0.019290
7.200577 0.019287
7.201414 0.019283
7.202788 0.019275
7.203528 0.019271
7.203917 0.019269
7.205940 0.019258
7.207686 0.019249
7.207887 0.019248
7.211107 0.019231
7.211751 0.019227
7.214318 0.019214
7.214781 0.019211
7.215387 0.019208
7.216491 0.019202
7.217187 0.019198
7.217200 0.019198
7.219427 0.019186
7.219779 0.019185
7.221139 0.019177
7.221758 0.019174
7.222049 0.019173
7.225158 0.019156
7.225241 0.019156
7.225826 0.019152
7.227722 0.019142
7.228719 0.019137
7.228923 0.019136
7.232593 0.019117
7.234273 0.019108
7.235232 0.019103
7.236887 0.019094
7.237951 0.019088
7.238381 0.019086
7.242490 0.019064
7.243789 0.019058
7.244715 0.019053
7.244930 0.019052
7.246507 0.019043
7.247666 0.019037
7.248685 0.019032
7.251261 0.019018
7.251577 0.019017
7.252693 0.019011
7.253007 0.019009
7.253747 0.019005
7.254047 0.019004
7.254457 0.019002
7.255063 0.018998
7.255286 0.018997
7.256813 0.018989
7.258561 0.018980
7.258860 0.018979
7.258861 0.018979
7.259595 0.018975
7.261100 0.018967
7.262403 0.018960
7.262619 0.018959
7.268161 0.018930
7.269181 0.018925
7.270035 0.018920
7.270889 0.018916
7.271338 0.018913
7.272029 0.018910
7.273921 0.018900
7.274688 0.018896
7.275192 0.018893
7.275594 0.018891
7.281032 0.018863
7.283239 0.018852
7.286816 0.018833
7.290113 0.018816
7.291385 0.018810
7.291961 0.018807
7.292863 0.018802
7.293278 0.018800
7.293341 0.018800
7.294552 0.018793
7.294592 0.018793
7.295049 0.018791
7.296434 0.018784
7.297246 0.018779
7.300833 0.018761
7.302978 0.018750
7.304182 0.018744
7.305092 0.018739
7.305816 0.018735
7.306179 0.018734
7.310170 0.018713
7.310447 0.018712
7.311633 0.018706
7.312966 0.018699
7.313615 0.018695
7.314556 0.018691
7.314642 0.018690
7.315270 0.018687
7.320145 0.018662
7.322160 0.018652
7.323120 0.018647
7.324452 0.018640
7.326468 0.018630
7.328039 0.018622
7.335722 0.018583
7.337012 0.018576
7.340045 0.018561
7.340708 0.018558
7.340730 0.018558
7.344337 0.018539
7.347128 0.018525
7.350434 0.018509
7.351198 0.018505
7.351559 0.018503
7.351600 0.018503
7.352357 0.018499
7.353069 0.018495
7.353378 0.018494
7.359450 0.018463
7.361415 0.018453
7.364164 0.018440
7.364258 0.018439
7.368073 0.018420
7.369126 0.018415
7.369561 0.018413
7.370347 0.018409
7.372155 0.018400
7.372546 0.018398
7.375678 0.018382
7.376371 0.018379
7.376578 0.018378
7.377340 0.018374
7.377769 0.018372
7.379576 0.018363
7.380571 0.018358
7.383325 0.018344
7.384110 0.018340
7.388158 0.018320
7.391560 0.018303
7.392318 0.018299
7.392436 0.018299
7.393100 0.018296
7.395304 0.018285
7.395561 0.018283
7.397685 0.018273
7.397913 0.018272
7.399687 0.018263
7.400017 0.018261
7.401064 0.018256
7.402806 0.018248
7.403145 0.018246
7.407784 0.018223
7.408461 0.018220
7.409200 0.018216
7.409695 0.018214
7.409851 0.018213
7.410437 0.018210
7.410659 0.018209
7.411078 0.018207
7.412972 0.018198
7.414131 0.018192
7.415603 0.018185
7.418439 0.018171
7.421043 0.018158
7.423156 0.018148
7.425796 0.018135
7.426330 0.018132
7.427856 0.018125
7.428061 0.018124
7.428440 0.018122
7.428611 0.018121
7.428715 0.018121
7.430455 0.018112
7.434094 0.018094
7.435727 0.018086
7.437819 0.018076
7.439124 0.018070
7.439633 0.018067
7.439688 0.018067
7.444018 0.018046
7.446682 0.018033
7.447113 0.018031
7.450795 0.018013
7.453187 0.018002
7.454780 0.017994
7.454811 0.017994
7.454824 0.017994
7.455450 0.017991
7.456577 0.017985
7.457449 0.017981
7.457634 0.017980
7.458346 0.017977
7.461180 0.017963
7.461338 0.017962
7.462917 0.017955
7.467980 0.017931
7.469766 0.017922
7.470256 0.017920
7.473882 0.017902
7.475247 0.017896
7.476115 0.017892
7.479562 0.017875
7.479859 0.017874
7.480034 0.017873
7.480277 0.017872
7.483023 0.017859
7.484277 0.017853
7.487331 0.017838
7.488343 0.017833
7.488926 0.017830
7.489188 0.017829
7.491124 0.017820
7.492683 0.017813
7.493797 0.017807
7.494159 0.017806
7.496232 0.017796
7.496298 0.017795
7.496948 0.017792
7.497978 0.017787
7.498138 0.017787
7.499581 0.017780
7.501595 0.017770
7.503048 0.017763
7.503949 0.017759
7.504433 0.017757
7.504605 0.017756
7.507752 0.017741
7.509187 0.017734
7.510057 0.017730
7.510843 0.017726
7.511506 0.017723
7.511792 0.017722
7.512300 0.017720
7.512433 0.017719
7.512917 0.017717
7.517415 0.017696
7.517674 0.017694
7.517742 0.017694
7.519057 0.017688
7.520094 0.017683
7.523191 0.017668
7.523449 0.017667
7.525249 0.017659
7.528433 0.017644
7.528704 0.017642
7.528720 0.017642
7.530651 0.017633
7.531026 0.017632
7.533264 0.017621
7.533381 0.017621
7.534846 0.017614
7.534849 0.017614
7.534950 0.017613
7.535523 0.017611
7.537055 0.017603
7.540273 0.017588
7.540583 0.017587
7.542270 0.017579
7.542495 0.017578
7.542851 0.017576
7.544866 0.017567
7.546410 0.017560
7.547360 0.017555
7.547554 0.017554
7.548961 0.017548
7.550729 0.017540
7.551065 0.017538
7.551374 0.017537
7.551575 0.017536
7.552149 0.017533
7.552639 0.017531
7.554597 0.017522
7.555635 0.017517
7.556842 0.017511
7.557711 0.017507
7.561173 0.017491
7.561305 0.017491
7.565439 0.017472
7.568041 0.017460
7.568793 0.017456
7.571163 0.017445
7.573959 0.017432
7.575849 0.017424
7.576665 0.017420
7.577788 0.017415
7.579865 0.017405
7.583770 0.017387
7.584020 0.017386
7.585776 0.017378
7.585841 0.017378
7.587428 0.017370
7.588524 0.017365
7.589742 0.017360
7.590512 0.017356
7.593723 0.017342
7.593837 0.017341
7.594615 0.017338
7.596144 0.017331
7.596339 0.017330
7.599209 0.017317
7.600046 0.017313
7.600995 0.017308
7.601125 0.017308
7.602495 0.017302
7.603029 0.017299
7.603394 0.017298
7.607865 0.017277
7.608942 0.017272
7.610605 0.017265
7.618659 0.017228
7.619134 0.017226
7.620403 0.017220
7.620486 0.017220
7.620680 0.017219
7.621963 0.017213
7.622010 0.017213
7.622199 0.017212
7.622750 0.017210
7.623081 0.017208
7.623191 0.017208
7.623413 0.017207
7.624645 0.017201
7.626729 0.017192
7.629002 0.017182
7.629289 0.017180
7.629838 0.017178
7.635785 0.017151
7.638444 0.017139
7.639246 0.017136
7.640046 0.017132
7.641097 0.017127
7.647093 0.017100
7.649166 0.017091
7.649455 0.017090
7.649644 0.017089
7.649666 0.017089
7.651919 0.017079
7.652894 0.017075
7.653132 0.017073
7.654921 0.017065
7.655428 0.017063
7.656645 0.017058
7.659808 0.017044
7.663528 0.017027
7.664647 0.017022
7.666342 0.017015
7.666421 0.017014
7.669418 0.017001
7.669878 0.016999
7.670106 0.016998
7.671162 0.016993
7.672441 0.016988
7.676018 0.016972
7.676074 0.016972
7.676282 0.016971
7.676761 0.016969
7.679397 0.016957
7.680807 0.016951
7.684105 0.016936
7.684962 0.016932
7.685796 0.016929
7.686766 0.016924
7.686985 0.016923
7.688535 0.016917
7.688970 0.016915
7.690101 0.016910
7.690199 0.016909
7.695385 0.016886
7.695414 0.016886
7.696672 0.016881
7.697307 0.016878
7.698086 0.016875
7.698915 0.016871
7.699527 0.016868
7.699731 0.016867
7.703217 0.016852
7.705024 0.016844
7.705371 0.016843
7.705420 0.016843
7.705512 0.016842
7.707151 0.016835
7.707436 0.016834
7.707730 0.016832
7.709187 0.016826
7.709920 0.016823
7.711136 0.016818
7.714512 0.016803
7.715972 0.016796
7.717136 0.016791
7.718949 0.016784
7.720101 0.016779
7.721192 0.016774
7.722119 0.016770
7.722688 0.016767
7.724765 0.016758
7.725581 0.016755
7.726064 0.016753
7.728756 0.016741
7.731631 0.016729
7.733151 0.016722
7.733671 0.016720
7.734064 0.016718
7.734195 0.016717
7.735333 0.016713
7.735779 0.016711
7.736014 0.016710
7.736560 0.016707
7.739002 0.016697
7.739714 0.016694
7.740116 0.016692
7.740264 0.016691
7.743863 0.016676
7.744906 0.016671
7.745406 0.016669
7.746032 0.016666
7.747814 0.016659
7.748583 0.016655
7.749407 0.016652
7.749501 0.016651
7.749566 0.016651
7.750537 0.016647
7.755160 0.016627
7.758013 0.016615
7.758254 0.016614
7.758727 0.016612
7.768466 0.016570
7.769133 0.016567
7.770313 0.016562
7.775465 0.016540
7.775657 0.016540
7.777080 0.016534
7.778126 0.016529
7.778512 0.016527
7.780683 0.016518
7.781673 0.016514
7.782898 0.016509
7.786579 0.016493
7.789004 0.016483
7.792055 0.016470
7.794177 0.016461
7.796101 0.016453
7.796243 0.016452
7.797684 0.016446
7.800193 0.016436
7.801169 0.016432
7.804394 0.016418
7.807621 0.016404
7.808973 0.016399
7.811611 0.016388
7.812003 0.016386
7.812624 0.016383
7.815857 0.016370
7.815921 0.016370
7.820504 0.016350
7.822018 0.016344
7.822020 0.016344
7.822809 0.016341
7.822933 0.016340
7.824117 0.016335
7.824272 0.016335
7.824887 0.016332
7.827957 0.016319
7.838138 0.016277
7.839970 0.016269
7.840006 0.016269
7.840214 0.016268
7.841276 0.016264
7.841899 0.016261
7.842660 0.016258
7.843150 0.016256
7.844264 0.016252
7.846187 0.016244
7.850070 0.016228
7.850430 0.016226
7.854465 0.016209
7.856088 0.016203
7.859383 0.016189
7.861721 0.016179
7.864860 0.016167
7.866481 0.016160
7.867637 0.016155
7.873705 0.016130
7.875551 0.016123
7.878125 0.016112
7.879014 0.016109
7.879419 0.016107
7.881484 0.016098
7.882141 0.016096
7.884044 0.016088
7.885827 0.016081
7.889234 0.016067
7.891101 0.016059
7.891637 0.016057
7.892123 0.016055
7.892556 0.016053
7.895658 0.016041
7.898041 0.016031
7.899910 0.016023
7.904238 0.016006
7.909333 0.015985
7.912729 0.015972
7.912833 0.015971
7.913392 0.015969
7.915416 0.015961
7.915424 0.015961
7.919024 0.015946
7.920045 0.015942
7.920837 0.015939
7.923825 0.015927
7.923831 0.015927
7.925200 0.015921
7.925538 0.015920
7.926245 0.015917
7.926663 0.015915
7.927288 0.015913
7.929022 0.015906
7.930628 0.015900
7.933752 0.015887
7.935605 0.015880
7.937311 0.015873
7.939059 0.015866
7.939295 0.015865
7.939788 0.015863
7.939832 0.015863
7.940779 0.015859
7.941267 0.015857
7.941788 0.015855
7.942200 0.015853
7.942714 0.015851
7.943516 0.015848
7.944066 0.015846
7.946235 0.015837
7.946705 0.015835
7.946735 0.015835
7.946968 0.015834
7.947925 0.015830
7.952039 0.015814
7.953290 0.015809
7.954568 0.015804
7.954579 0.015804
7.955741 0.015799
7.956100 0.015798
7.956371 0.015797
7.956398 0.015797
7.956784 0.015795
7.960348 0.015781
7.960363 0.015781
7.961878 0.015775
7.962876 0.015771
7.963385 0.015769
7.963754 0.015768
7.965275 0.015762
7.965746 0.015760
7.965996 0.015759
7.966925 0.015755
7.967951 0.015751
7.968204 0.015750
7.968296 0.015750
7.969370 0.015745
7.970027 0.015743
7.972384 0.015733
7.972498 0.015733
7.972541 0.015733
7.974674 0.015724
7.975149 0.015723
7.977729 0.015712
7.978670 0.015709
7.979535 0.015705
7.981215 0.015699
7.983253 0.015691
7.984056 0.015687
7.986608 0.015677
7.986852 0.015676
7.987243 0.015675
7.989193 0.015667
7.994934 0.015645
7.995623 0.015642
7.995809 0.015641
7.999267 0.015628
8.000664 0.015622
8.001701 0.015618
8.002354 0.015616
8.003289 0.015612
8.004801 0.015606
8.004985 0.015606
8.005927 0.015602
8.006803 0.015598
8.007415 0.015596
8.007776 0.015595
8.009979 0.015586
8.010057 0.015586
8.011468 0.015580
8.012060 0.015578
8.013475 0.015572
8.015580 0.015564
8.017826 0.015556
8.017943 0.015555
8.018380 0.015553
8.020199 0.015546
8.020360 0.015546
8.022037 0.015539
8.022253 0.015538
8.024199 0.015531
8.025719 0.015525
8.034759 0.015490
8.037492 0.015480
8.038331 0.015476
8.038416 0.015476
8.042379 0.015461
8.045103 0.015450
8.049175 0.015435
8.049642 0.015433
8.051062 0.015427
8.053288 0.015419
8.054407 0.015415
8.056053 0.015408
8.057564 0.015403
8.058377 0.015399
8.058543 0.015399
8.061794 0.015386
8.061862 0.015386
8.062816 0.015382
8.066296 0.015369
8.068311 0.015362
8.071007 0.015351
8.074847 0.015337
8.076664 0.015330
8.077789 0.015326
8.079625 0.015319
8.080916 0.015314
8.084338 0.015301
8.084545 0.015300
8.086297 0.015293
8.087129 0.015290
8.087587 0.015288
8.088285 0.015286
8.089564 0.015281
8.089857 0.015280
8.092963 0.015268
8.098123 0.015249
8.099487 0.015244
8.103317 0.015229
8.106681 0.015216
8.107503 0.015213
8.110092 0.015204
8.110239 0.015203
8.114559 0.015187
8.115248 0.015184
8.117714 0.015175
8.121431 0.015161
8.121461 0.015161
8.122637 0.015157
8.122776 0.015156
8.122942 0.015156
8.124119 0.015151
8.125122 0.015147
8.125152 0.015147
8.127507 0.015139
8.127676 0.015138
8.129452 0.015131
8.129701 0.015130
8.131026 0.015125
8.134199 0.015114
8.134338 0.015113
8.135362 0.015109
8.137452 0.015102
8.141140 0.015088
8.141640 0.015086
8.141896 0.015085
8.142482 0.015083
8.142567 0.015083
8.142733 0.015082
8.143683 0.015079
8.145122 0.015073
8.146882 0.015067
8.147219 0.015065
8.150206 0.015054
8.151447 0.015050
8.154142 0.015040
8.154310 0.015039
8.154634 0.015038
8.154888 0.015037
8.155827 0.015034
8.157370 0.015028
8.159426 0.015020
8.159507 0.015020
8.160118 0.015018
8.161094 0.015014
8.161593 0.015012
8.162048 0.015011
8.162544 0.015009
8.163069 0.015007
8.164265 0.015003
8.164760 0.015001
8.165366 0.014999
8.166749 0.014993
8.168385 0.014987
8.168909 0.014986
8.169518 0.014983
8.170242 0.014981
8.172178 0.014974
8.172636 0.014972
8.172677 0.014972
8.174639 0.014965
8.175139 0.014963
8.180576 0.014943
8.182974 0.014934
8.184991 0.014927
8.187354 0.014918
8.188713 0.014913
8.189672 0.014910
8.190149 0.014908
8.190200 0.014908
8.196357 0.014885
8.196799 0.014884
8.197026 0.014883
8.198638 0.014877
8.199347 0.014874
8.199410 0.014874
8.201500 0.014867
8.201562 0.014866
8.201872 0.014865
8.202383 0.014863
8.204074 0.014857
8.204653 0.014855
8.205135 0.014853
8.206073 0.014850
8.206485 0.014849
8.209694 0.014837
8.211500 0.014830
8.212307 0.014828
8.213278 0.014824
8.214037 0.014821
8.216505 0.014812
8.216706 0.014812
8.217290 0.014810
8.218414 0.014806
8.218933 0.014804
8.219905 0.014800
8.220924 0.014796
8.223464 0.014787
8.224358 0.014784
8.226821 0.014775
8.227579 0.014773
8.227828 0.014772
8.228680 0.014769
8.239143 0.014731
8.239902 0.014728
8.240980 0.014725
8.244252 0.014713
8.244302 0.014713
8.245074 0.014710
8.248016 0.014699
8.248385 0.014698
8.249049 0.014696
8.249372 0.014695
8.252684 0.014683
8.252754 0.014683
8.252775 0.014683
8.253523 0.014680
8.253567 0.014680
8.254720 0.014676
8.254964 0.014675
8.255442 0.014673
8.255760 0.014672
8.256957 0.014668
8.264308 0.014642
8.264542 0.014641
8.265462 0.014637
8.266934 0.014632
8.269344 0.014624
8.271339 0.014617
8.271723 0.014615
8.272768 0.014612
8.273051 0.014611
8.274515 0.014605
8.277893 0.014594
8.281289 0.014582
8.282942 0.014576
8.286784 0.014562
8.290375 0.014550
8.291493 0.014546
8.292894 0.014541
8.293180 0.014540
8.295595 0.014531
8.295885 0.014530
8.296784 0.014527
8.296836 0.014527
8.297756 0.014524
8.299816 0.014517
8.300764 0.014513
8.302233 0.014508
8.302290 0.014508
8.305069 0.014498
8.307185 0.014491
8.307901 0.014488
8.311691 0.014475
8.311921 0.014474
8.314392 0.014466
8.314410 0.014466
8.316654 0.014458
8.324744 0.014430
8.326114 0.014425
8.328083 0.014418
8.328514 0.014417
8.328907 0.014415
8.335688 0.014392
8.336994 0.014387
8.338404 0.014382
8.340654 0.014375
8.341132 0.014373
8.341476 0.014372
8.341565 0.014372
8.342039 0.014370
8.345085 0.014359
8.345310 0.014359
8.345584 0.014358
8.347007 0.014353
8.349002 0.014346
8.353738 0.014330
8.354699 0.014326
8.355554 0.014324
8.356318 0.014321
8.357176 0.014318
8.360383 0.014307
8.360986 0.014305
8.361983 0.014301
8.362250 0.014301
8.362759 0.014299
8.363923 0.014295
8.365473 0.014290
8.368998 0.014278
8.370794 0.014271
8.373263 0.014263
8.377716 0.014248
8.378937 0.014244
8.379317 0.014242
8.380393 0.014239
8.381551 0.014235
8.382653 0.014231
8.382843 0.014230
8.383902 0.014227
8.385081 0.014223
8.386638 0.014218
8.388046 0.014213
8.391955 0.014200
8.394193 0.014192
8.394556 0.014191
8.394983 0.014189
8.395118 0.014189
8.397677 0.014180
8.397708 0.014180
8.400015 0.014172
8.400535 0.014171
8.401360 0.014168
8.401729 0.014167
8.403153 0.014162
8.404487 0.014157
8.406478 0.014151
8.406653 0.014150
8.407858 0.014146
8.408119 0.014145
8.409360 0.014141
8.410575 0.014137
8.413364 0.014127
8.414112 0.014125
8.414690 0.014123
8.417055 0.014115
8.419017 0.014108
8.420176 0.014105
8.420642 0.014103
8.420770 0.014103
8.422139 0.014098
8.422670 0.014096
8.423837 0.014092
8.423997 0.014092
8.424761 0.014089
8.425972 0.014085
8.427432 0.014080
8.428479 0.014077
8.432594 0.014063
8.433891 0.014059
8.433955 0.014058
8.434750 0.014056
8.434838 0.014056
8.435556 0.014053
8.435750 0.014052
8.437196 0.014048
8.438113 0.014045
8.438259 0.014044
8.439264 0.014041
8.439879 0.014039
8.442729 0.014029
8.443595 0.014026
8.444841 0.014022
8.446455 0.014017
8.449796 0.014006
8.452396 0.013997
8.452443 0.013997
8.452792 0.013996
8.454202 0.013991
8.455559 0.013987
8.456247 0.013984
8.456486 0.013984
8.459087 0.013975
8.459282 0.013974
8.462592 0.013963
8.462711 0.013963
8.463654 0.013960
8.464300 0.013958
8.465656 0.013953
8.465709 0.013953
8.465992 0.013952
8.467652 0.013947
8.469694 0.013940
8.471045 0.013936
8.472173 0.013932
8.473854 0.013926
8.474689 0.013924
8.476471 0.013918
8.477777 0.013913
8.479501 0.013908
8.482914 0.013897
8.482922 0.013897
8.485388 0.013889
8.485579 0.013888
8.489236 0.013876
8.491579 0.013868
8.495693 0.013855
8.496535 0.013852
8.498004 0.013847
8.500863 0.013838
8.500969 0.013838
8.503638 0.013829
8.504591 0.013826
8.506605 0.013819
8.508261 0.013814
8.509600 0.013810
8.511265 0.013804
8.512234 0.013801
8.512246 0.013801
8.512951 0.013799
8.514152 0.013795
8.514289 0.013794
8.514887 0.013792
8.515183 0.013792
8.515669 0.013790
8.515759 0.013790
8.516655 0.013787
8.518729 0.013780
8.521230 0.013772
8.522237 0.013769
8.522267 0.013769
8.523112 0.013766
8.524711 0.013761
8.525671 0.013758
8.525814 0.013757
8.526419 0.013755
8.529413 0.013746
8.529995 0.013744
8.530041 0.013744
8.530731 0.013741
8.536086 0.013724
8.537652 0.013719
8.540722 0.013709
8.540744 0.013709
8.542158 0.013705
8.543370 0.013701
8.547418 0.013688
8.548361 0.013685
8.552112 0.013673
8.553998 0.013667
8.554033 0.013667
8.554562 0.013665
8.558330 0.013653
8.562849 0.013638
8.563208 0.013637
8.565250 0.013631
8.565873 0.013629
8.567294 0.013624
8.569164 0.013618
8.570267 0.013615
8.571258 0.013612
8.572697 0.013607
8.573730 0.013604
8.574707 0.013601
8.575810 0.013597
8.577212 0.013593
8.578013 0.013590
8.579470 0.013586
8.582809 0.013575
8.585244 0.013567
8.587491 0.013560
8.588258 0.013558
8.588720 0.013556
8.591774 0.013547
8.595207 0.013536
8.597178 0.013530
8.599835 0.013521
8.600689 0.013519
8.602588 0.013513
8.603737 0.013509
8.605071 0.013505
8.606612 0.013500
8.609092 0.013492
8.609323 0.013492
8.609657 0.013491
8.609821 0.013490
8.610095 0.013489
8.610482 0.013488
8.616270 0.013470
8.617553 0.013466
8.619271 0.013460
8.619896 0.013458
8.620446 0.013457
8.621844 0.013452
8.622653 0.013450
8.624520 0.013444
8.625533 0.013441
8.628599 0.013431
8.630234 0.013426
8.632002 0.013421
8.633502 0.013416
8.633676 0.013416
8.633737 0.013415
8.634568 0.013413
8.637296 0.013404
8.637768 0.013403
8.637946 0.013402
8.638054 0.013402
8.638944 0.013399
8.639384 0.013398
8.639920 0.013396
8.640880 0.013393
8.642782 0.013387
8.648018 0.013371
8.649968 0.013365
8.650152 0.013364
8.651660 0.013360
8.654041 0.013352
8.658295 0.013339
8.660075 0.013334
8.661204 0.013330
8.665480 0.013317
8.666586 0.013314
8.669374 0.013305
8.672761 0.013295
8.673032 0.013294
8.673406 0.013293
8.674057 0.013291
8.674544 0.013289
8.677033 0.013282
8.677342 0.013281
8.677658 0.013280
8.678022 0.013279
8.680188 0.013272
8.682259 0.013266
8.683835 0.013261
8.685866 0.013255
8.687528 0.013250
8.689091 0.013245
8.690201 0.013242
8.690906 0.013239
8.691450 0.013238
8.692548 0.013234
8.692554 0.013234
8.692621 0.013234
8.692809 0.013234
8.693051 0.013233
8.695240 0.013226
8.695468 0.013226
8.695848 0.013224
8.696197 0.013223
8.697461 0.013220
8.697606 0.013219
8.699680 0.013213
8.700011 0.013212
8.700658 0.013210
8.701201 0.013208
8.702020 0.013206
8.702068 0.013206
8.702584 0.013204
8.705411 0.013195
8.705518 0.013195
8.705561 0.013195
8.705769 0.013194
8.708369 0.013186
8.708382 0.013186
8.708593 0.013186
8.709300 0.013184
8.710405 0.013180
8.712300 0.013175
8.712493 0.013174
8.715989 0.013163
8.716154 0.013163
8.716193 0.013163
8.718678 0.013155
8.719647 0.013152
8.722652 0.013143
8.725271 0.013135
8.726640 0.013131
8.727194 0.013130
8.727513 0.013129
8.728314 0.013126
8.728413 0.013126
8.728759 0.013125
8.729018 0.013124
8.729560 0.013122
8.730179 0.013121
8.731536 0.013117
8.734435 0.013108
8.735016 0.013106
8.736116 0.013103
8.737170 0.013100
8.737623 0.013098
8.738961 0.013094
8.738964 0.013094
8.739395 0.013093
8.744259 0.013078
8.746622 0.013071
8.746642 0.013071
8.747614 0.013068
8.749467 0.013063
8.750490 0.013060
8.751380 0.013057
8.751408 0.013057
8.751477 0.013057
8.752061 0.013055
8.753644 0.013050
8.758270 0.013037
8.759552 0.013033
8.760898 0.013029
8.764744 0.013017
8.765179 0.013016
8.765408 0.013015
8.766140 0.013013
8.766700 0.013012
8.766872 0.013011
8.766984 0.013011
8.769621 0.013003
8.769880 0.013002
8.773443 0.012992
8.773660 0.012991
8.775155 0.012986
8.776281 0.012983
8.777735 0.012979
8.780880 0.012970
8.781429 0.012968
8.784153 0.012960
8.785204 0.012957
8.785262 0.012957
8.786135 0.012954
8.786951 0.012952
8.788502 0.012947
8.789710 0.012943
8.791462 0.012938
8.791935 0.012937
8.792039 0.012937
8.792767 0.012934
8.795181 0.012927
8.795705 0.012926
8.799292 0.012915
8.802483 0.012906
8.803041 0.012904
8.803338 0.012903
8.804491 0.012900
8.805293 0.012898
8.807334 0.012892
8.807417 0.012891
8.808335 0.012889
8.810522 0.012882
8.811226 0.012880
8.812494 0.012877
8.812646 0.012876
8.814525 0.012871
8.816370 0.012865
8.817949 0.012861
8.820231 0.012854
8.820631 0.012853
8.823872 0.012843
8.826521 0.012836
8.827532 0.012833
8.827934 0.012832
8.828689 0.012829
8.828989 0.012829
8.831063 0.012823
8.832122 0.012819
8.834105 0.012814
8.834772 0.012812
8.835299 0.012810
8.838134 0.012802
8.838813 0.012800
8.839276 0.012799
8.839743 0.012797
8.842308 0.012790
8.842773 0.012789
8.843648 0.012786
8.847055 0.012776
8.848160 0.012773
8.848248 0.012773
8.848717 0.012771
8.850885 0.012765
8.851298 0.012764
8.853578 0.012757
8.854757 0.012754
8.859700 0.012740
8.861135 0.012736
8.861766 0.012734
8.863109 0.012730
8.863595 0.012729
8.865201 0.012724
8.867132 0.012718
8.868408 0.012715
8.868516 0.012714
8.870370 0.012709
8.872729 0.012702
8.873499 0.012700
8.874257 0.012698
8.876036 0.012693
8.877495 0.012689
8.879047 0.012684
8.879128 0.012684
8.879934 0.012682
8.881937 0.012676
8.882279 0.012675
8.882330 0.012675
8.886837 0.012662
8.887627 0.012660
8.892449 0.012646
8.892842 0.012645
8.900400 0.012624
8.902181 0.012618
8.903100 0.012616
8.903411 0.012615
8.908336 0.012601
8.910360 0.012595
8.912257 0.012590
8.912588 0.012589
8.915742 0.012580
8.918227 0.012573
8.918288 0.012573
8.919690 0.012569
8.919903 0.012568
8.920286 0.012567
8.920421 0.012567
8.923460 0.012558
8.924749 0.012555
8.925324 0.012553
8.926582 0.012550
8.927649 0.012547
8.928113 0.012545
8.931655 0.012535
8.931711 0.012535
8.932122 0.012534
8.932237 0.012534
8.932936 0.012532
8.934433 0.012528
8.934485 0.012527
8.935034 0.012526
8.936563 0.012522
8.937728 0.012518
8.938457 0.012516
8.941670 0.012507
8.942012 0.012506
8.942879 0.012504
8.946543 0.012494
8.948166 0.012489
8.948492 0.012488
8.950683 0.012482
8.952230 0.012478
8.953057 0.012475
8.954798 0.012471
8.959134 0.012459
8.959736 0.012457
8.960685 0.012454
8.961198 0.012453
8.961273 0.012453
8.961982 0.012451
8.962851 0.012448
8.963572 0.012446
8.964211 0.012444
8.964564 0.012443
8.967239 0.012436
8.968447 0.012433
8.968729 0.012432
8.971709 0.012424
8.973347 0.012419
8.973380 0.012419
8.973471 0.012419
8.973900 0.012418
8.975436 0.012413
8.977526 0.012408
8.978657 0.012404
8.978887 0.012404
8.979259 0.012403
8.980003 0.012401
8.980278 0.012400
8.985082 0.012387
8.985788 0.012385
8.986604 0.012383
8.987101 0.012381
8.987306 0.012381
8.987916 0.012379
8.989087 0.012376
8.994253 0.012361
8.996828 0.012354
8.999463 0.012347
8.999538 0.012347
8.999630 0.012347
9.002196 0.012340
9.004077 0.012335
9.011693 0.012314
9.012723 0.012311
9.018565 0.012295
9.020849 0.012289
9.021259 0.012288
9.023381 0.012282
9.025847 0.012275
9.026272 0.012274
9.027427 0.012271
9.029061 0.012266
9.029424 0.012265
9.032843 0.012256
9.034624 0.012251
9.036614 0.012246
9.036720 0.012246
9.039207 0.012239
9.044409 0.012225
9.045459 0.012222
9.048963 0.012212
9.052764 0.012202
9.054067 0.012199
9.055799 0.012194
9.058182 0.012188
9.058749 0.012186
9.059328 0.012185
9.059692 0.012184
9.061578 0.012178
9.064289 0.012171
9.066063 0.012166
9.068579 0.012160
9.074628 0.012143
9.074642 0.012143
9.075667 0.012141
9.076383 0.012139
9.076629 0.012138
9.077154 0.012137
9.077771 0.012135
9.077852 0.012135
9.080161 0.012129
9.080184 0.012129
9.080832 0.012127
9.081952 0.012124
9.083388 0.012120
9.089072 0.012105
9.090753 0.012100
9.092095 0.012097
9.094934 0.012089
9.099449 0.012077
9.099794 0.012076
9.100865 0.012074
9.100906 0.012073
9.101258 0.012072
9.102027 0.012070
9.102592 0.012069
9.102717 0.012069
9.104108 0.012065
9.104549 0.012064
9.104621 0.012064
9.105373 0.012062
9.106062 0.012060
9.106088 0.012060
9.108156 0.012054
9.108432 0.012053
9.108975 0.012052
9.109488 0.012051
9.111301 0.012046
9.112727 0.012042
9.113790 0.012039
9.113819 0.012039
9.119212 0.012025
9.119819 0.012023
9.120589 0.012021
9.122533 0.012016
9.123980 0.012012
9.124528 0.012011
9.124548 0.012011
9.125092 0.012010
9.125252 0.012009
9.126053 0.012007
9.126191 0.012007
9.126224 0.012007
9.126870 0.012005
9.128807 0.012000
9.131690 0.011992
9.131862 0.011992
9.133590 0.011987
9.134134 0.011986
9.134662 0.011984
9.134702 0.011984
9.135073 0.011983
9.138204 0.011975
9.140774 0.011968
9.141817 0.011966
9.144474 0.011959
9.145086 0.011957
9.145091 0.011957
9.145591 0.011956
9.145739 0.011955
9.147271 0.011951
9.147468 0.011951
9.147570 0.011951
9.149256 0.011946
9.151595 0.011940
9.152082 0.011939
9.153399 0.011935
9.153931 0.011934
9.156351 0.011928
9.157258 0.011925
9.158536 0.011922
9.159319 0.011920
9.159471 0.011920
9.163102 0.011910
9.164023 0.011908
9.166762 0.011901
9.167058 0.011900
9.170702 0.011890
9.171025 0.011890
9.175929 0.011877
9.176566 0.011875
9.176816 0.011875
9.179251 0.011868
9.180708 0.011864
9.181769 0.011862
9.182112 0.011861
9.182768 0.011859
9.183835 0.011856
9.184019 0.011856
9.185076 0.011853
9.186746 0.011849
9.186998 0.011848
9.187966 0.011846
9.189100 0.011843
9.189628 0.011841
9.189775 0.011841
9.192870 0.011833
9.193093 0.011833
9.193837 0.011831
9.195352 0.011827
9.196639 0.011823
9.199719 0.011815
9.199895 0.011815
9.200025 0.011815
9.200123 0.011814
9.204999 0.011802
9.206442 0.011798
9.208832 0.011792
9.208895 0.011792
9.211075 0.011786
9.212117 0.011784
9.212774 0.011782
9.213580 0.011780
9.213687 0.011780
9.218036 0.011769
9.218101 0.011768
9.219355 0.011765
9.219670 0.011764
9.221568 0.011760
9.222222 0.011758
9.222721 0.011757
9.222787 0.011756
9.225634 0.011749
9.227033 0.011746
9.227592 0.011744
9.229189 0.011740
9.229577 0.011739
9.230922 0.011736
9.233787 0.011728
9.233998 0.011728
9.234069 0.011728
9.236128 0.011722
9.236237 0.011722
9.236628 0.011721
9.237702 0.011719
9.245622 0.011698
9.248194 0.011692
9.250733 0.011686
9.253977 0.011677
9.254208 0.011677
9.258493 0.011666
9.258507 0.011666
9.259861 0.011662
9.263566 0.011653
9.264141 0.011652
9.265753 0.011648
9.267222 0.011644
9.268081 0.011642
9.268861 0.011640
9.268883 0.011640
9.270160 0.011637
9.271659 0.011633
9.271862 0.011632
9.275411 0.011623
9.276996 0.011619
9.278518 0.011616
9.280084 0.011612
9.281343 0.011609
9.281654 0.011608
9.282142 0.011607
9.282666 0.011605
9.282759 0.011605
9.285321 0.011599
9.286932 0.011595
9.287498 0.011593
9.288319 0.011591
9.288749 0.011590
9.289756 0.011588
9.290594 0.011585
9.291767 0.011583
9.292266 0.011581
9.292619 0.011580
9.293192 0.011579
9.293315 0.011579
9.293939 0.011577
9.294017 0.011577
9.297429 0.011568
9.298131 0.011567
9.298642 0.011565
9.299258 0.011564
9.300469 0.011561
9.301517 0.011558
9.304055 0.011552
9.305736 0.011548
9.306796 0.011545
9.308346 0.011541
9.310594 0.011536
9.310870 0.011535
9.314904 0.011525
9.315352 0.011524
9.316167 0.011522
9.319274 0.011514
9.319863 0.011513
9.320934 0.011510
9.321607 0.011508
9.321731 0.011508
9.323496 0.011504
9.325298 0.011499
9.326499 0.011496
9.327708 0.011493
9.328458 0.011492
9.328667 0.011491
9.328782 0.011491
9.329838 0.011488
9.330078 0.011488
9.330256 0.011487
9.331438 0.011484
9.331664 0.011484
9.333025 0.011480
9.335395 0.011475
9.337944 0.011468
9.338773 0.011466
9.339483 0.011464
9.340702 0.011461
9.341218 0.011460
9.342191 0.011458
9.343934 0.011454
9.345102 0.011451
9.346428 0.011447
9.346526 0.011447
9.346804 0.011447
9.347456 0.011445
9.352691 0.011432
9.353562 0.011430
9.355382 0.011426
9.356466 0.011423
9.358361 0.011418
9.359430 0.011416
9.359447 0.011416
9.360373 0.011413
9.361764 0.011410
9.361803 0.011410
9.362783 0.011407
9.365647 0.011401
9.369709 0.011391
9.373384 0.011382
9.374049 0.011380
9.375293 0.011377
9.375331 0.011377
9.377927 0.011371
9.389486 0.011343
9.391640 0.011337
9.395780 0.011328
9.395878 0.011327
9.396095 0.011327
9.396921 0.011325
9.400420 0.011316
9.402490 0.011311
9.407174 0.011300
9.407383 0.011300
9.408667 0.011296
9.408832 0.011296
9.410053 0.011293
9.410612 0.011292
9.410723 0.011292
9.412705 0.011287
9.415323 0.011281
9.419502 0.011271
9.419513 0.011270
9.423433 0.011261
9.427125 0.011252
9.434194 0.011235
9.434719 0.011234
9.434768 0.011234
9.436106 0.011231
9.437758 0.011227
9.439868 0.011222
9.442905 0.011215
9.443873 0.011212
9.444556 0.011211
9.445575 0.011208
9.446362 0.011207
9.446945 0.011205
9.448908 0.011200
9.449661 0.011199
9.449747 0.011198
9.450895 0.011196
9.451140 0.011195
9.451205 0.011195
9.451798 0.011194
9.452145 0.011193
9.453571 0.011189
9.454532 0.011187
9.455054 0.011186
9.456076 0.011184
9.456372 0.011183
9.456409 0.011183
9.456844 0.011182
9.457822 0.011179
9.458708 0.011177
9.458855 0.011177
9.459804 0.011175
9.460378 0.011173
9.462440 0.011168
9.463405 0.011166
9.466643 0.011159
9.469292 0.011152
9.470729 0.011149
9.471025 0.011148
9.473655 0.011142
9.479068 0.011129
9.479085 0.011129
9.481807 0.011123
9.485469 0.011114
9.485730 0.011114
9.488551 0.011107
9.490920 0.011102
9.491599 0.011100
9.491753 0.011100
9.494028 0.011094
9.495657 0.011090
9.497396 0.011086
9.499886 0.011081
9.499892 0.011081
9.501288 0.011077
9.501934 0.011076
9.504121 0.011071
9.505359 0.011068
9.507909 0.011062
9.509280 0.011059
9.509539 0.011058
9.510317 0.011056
9.511979 0.011052
9.515165 0.011045
9.517087 0.011041
9.518700 0.011037
9.519057 0.011036
9.519105 0.011036
9.522988 0.011027
9.525890 0.011020
9.526257 0.011019
9.527716 0.011016
9.529006 0.011013
9.530773 0.011009
9.530886 0.011009
9.533594 0.011002
9.533967 0.011002
9.535400 0.010998
9.537157 0.010994
9.540329 0.010987
9.543229 0.010980
9.543886 0.010979
9.545839 0.010974
9.546351 0.010973
9.546742 0.010972
9.547240 0.010971
9.547618 0.010970
9.548389 0.010968
9.548838 0.010967
9.548978 0.010967
9.556672 0.010949
9.559216 0.010943
9.562186 0.010937
9.563361 0.010934
9.564383 0.010932
9.568199 0.010923
9.569284 0.010920
9.573863 0.010910
9.574556 0.010908
9.577534 0.010902
9.578214 0.010900
9.578276 0.010900
9.579603 0.010897
9.579903 0.010896
9.585091 0.010884
9.585629 0.010883
9.586891 0.010880
9.587518 0.010879
9.587669 0.010879
9.587679 0.010879
9.589347 0.010875
9.589791 0.010874
9.592251 0.010868
9.598988 0.010853
9.599867 0.010851
9.606610 0.010836
9.607833 0.010833
9.612770 0.010822
9.613193 0.010821
9.613985 0.010819
9.614149 0.010819
9.616277 0.010814
9.617067 0.010812
9.617267 0.010812
9.617268 0.010812
9.617339 0.010812
9.618308 0.010809
9.620719 0.010804
9.621232 0.010803
9.624708 0.010795
9.628749 0.010786
9.628832 0.010786
9.630313 0.010782
9.630418 0.010782
9.633236 0.010776
9.634781 0.010772
9.636312 0.010769
9.636364 0.010769
9.636755 0.010768
9.637543 0.010766
9.641030 0.010759
9.641461 0.010758
9.643949 0.010752
9.650158 0.010738
9.650259 0.010738
9.650581 0.010737
9.651517 0.010735
9.652114 0.010734
9.653033 0.010732
9.655658 0.010726
9.656205 0.010725
9.657446 0.010722
9.660137 0.010716
9.663467 0.010709
9.664376 0.010707
9.669068 0.010696
9.670854 0.010692
9.672168 0.010689
9.675268 0.010683
9.675969 0.010681
9.676301 0.010680
9.678153 0.010676
9.680657 0.010671
9.681118 0.010670
9.682348 0.010667
9.682677 0.010666
9.684566 0.010662
9.685452 0.010660
9.686123 0.010659
9.686593 0.010658
9.687133 0.010656
9.691393 0.010647
9.693303 0.010643
9.694608 0.010640
9.695580 0.010638
9.701975 0.010624
9.709899 0.010606
9.711763 0.010602
9.713354 0.010599
9.714274 0.010597
9.714405 0.010597
9.714462 0.010597
9.714604 0.010596
9.715630 0.010594
9.717978 0.010589
9.718855 0.010587
9.718872 0.010587
9.719505 0.010586
9.720576 0.010583
9.722856 0.010578
9.724661 0.010574
9.724690 0.010574
9.725168 0.010573
9.725268 0.010573
9.725842 0.010572
9.726622 0.010570
9.727115 0.010569
9.727720 0.010568
9.729726 0.010563
9.733802 0.010554
9.735057 0.010552
9.735730 0.010550
9.737078 0.010547
9.738016 0.010545
9.740279 0.010540
9.744076 0.010532
9.745637 0.010529
9.749503 0.010520
9.750441 0.010518
9.750661 0.010518
9.754347 0.010510
9.755607 0.010507
9.757111 0.010504
9.759291 0.010499
9.759721 0.010498
9.760341 0.010497
9.761273 0.010495
9.763072 0.010491
9.763215 0.010491
9.763767 0.010490
9.764001 0.010489
9.764142 0.010489
9.764949 0.010487
9.765057 0.010487
9.766850 0.010483
9.770730 0.010475
9.771359 0.010473
9.771457 0.010473
9.771570 0.010473
9.773212 0.010469
9.776070 0.010463
9.776874 0.010462
9.778290 0.010459
9.778424 0.010458
9.780342 0.010454
9.780471 0.010454
9.781699 0.010451
9.782891 0.010449
9.786571 0.010441
9.787146 0.010440
9.787788 0.010438
9.789160 0.010435
9.790571 0.010432
9.793284 0.010427
9.793919 0.010425
9.794352 0.010424
9.794396 0.010424
9.797289 0.010418
9.797336 0.010418
9.798199 0.010416
9.798474 0.010416
9.799095 0.010414
9.800930 0.010410
9.800994 0.010410
9.804365 0.010403
9.809363 0.010392
9.810678 0.010390
9.811483 0.010388
9.813631 0.010383
9.814054 0.010383
9.818821 0.010372
9.818845 0.010372
9.821062 0.010368
9.821462 0.010367
9.823608 0.010362
9.824870 0.010360
9.825444 0.010358
9.827874 0.010353
9.828031 0.010353
9.829194 0.010351
9.829305 0.010350
9.829586 0.010350
9.831522 0.010346
9.831849 0.010345
9.834276 0.010340
9.836144 0.010336
9.837951 0.010332
9.840160 0.010328
9.841479 0.010325
9.843976 0.010320
9.844385 0.010319
9.847635 0.010312
9.847853 0.010311
9.849240 0.010308
9.851578 0.010304
9.851880 0.010303
9.854007 0.010299
9.854729 0.010297
9.855081 0.010296
9.855394 0.010296
9.856999 0.010292
9.859035 0.010288
9.859422 0.010287
9.861460 0.010283
9.861541 0.010283
9.861633 0.010283
9.862501 0.010281
9.862594 0.010281
9.867416 0.010271
9.867874 0.010270
9.868673 0.010268
9.869236 0.010267
9.870861 0.010263
9.872626 0.010260
9.874595 0.010256
9.875671 0.010253
9.876086 0.010253
9.877154 0.010250
9.878475 0.010248
9.879698 0.010245
9.883918 0.010236
9.884974 0.010234
9.886933 0.010230
9.887349 0.010229
9.894732 0.010214
9.894782 0.010214
9.895822 0.010212
9.897164 0.010209
9.898085 0.010207
9.898301 0.010207
9.898474 0.010206
9.901958 0.010199
9.903299 0.010196
9.906844 0.010189
9.908173 0.010186
9.908256 0.010186
9.909018 0.010184
9.912492 0.010177
9.913574 0.010175
9.916696 0.010169
9.917739 0.010167
9.918205 0.010166
9.919129 0.010164
9.920031 0.010162
9.923152 0.010155
9.923666 0.010154
9.924156 0.010153
9.924563 0.010153
9.924684 0.010152
9.925385 0.010151
9.926730 0.010148
9.930128 0.010141
9.934724 0.010132
9.936250 0.010129
9.936272 0.010129
9.936782 0.010128
9.938606 0.010124
9.940839 0.010119
9.942326 0.010116
9.945597 0.010110
9.945846 0.010109
9.946041 0.010109
9.946498 0.010108
9.946585 0.010108
9.946694 0.010107
9.950201 0.010100
9.952264 0.010096
9.952666 0.010095
9.955016 0.010091
9.955861 0.010089
9.956177 0.010088
9.956715 0.010087
9.961173 0.010078
9.965672 0.010069
9.966724 0.010067
9.970773 0.010059
9.971902 0.010056
9.975748 0.010049
9.977552 0.010045
9.977584 0.010045
9.980326 0.010039
9.981354 0.010037
9.981656 0.010037
9.983524 0.010033
9.983733 0.010033
9.984415 0.010031
9.984913 0.010030
9.988277 0.010023
9.988932 0.010022
9.989838 0.010020
9.990846 0.010018
9.991558 0.010017
9.991855 0.010016
9.994687 0.010011
9.995968 0.010008
9.996004 0.010008
9.997746 0.010005
9.998424 0.010003
9.999030 0.010002
