100.000000 2.000000
3.043505 0.107957
3.094968 0.104397
3.159571 0.100171
3.189513 0.098299
3.259288 0.094136
3.296277 0.092035
3.347298 0.089251
3.349680 0.089124
3.359359 0.088611
3.367491 0.088183
3.386454 0.087199
3.513031 0.081028
3.564077 0.078724
3.570494 0.078441
3.746531 0.071243
3.784800 0.069809
3.874518 0.066614
3.950362 0.064081
4.209986 0.056421
4.468591 0.050079
4.499314 0.049398
4.855610 0.042414
4.859099 0.042353
4.926759 0.041198
4.989641 0.040166
5.143878 0.037794
5.171059 0.037397
5.179181 0.037280
5.272637 0.035970
5.401847 0.034270
5.411263 0.034151
5.479769 0.033302
5.608238 0.031794
5.677092 0.031028
5.680743 0.030988
5.743650 0.030313
5.850630 0.029214
5.910062 0.028630
5.936737 0.028373
6.006922 0.027714
6.112166 0.026768
6.116325 0.026731
6.163477 0.026324
6.183248 0.026156
6.187188 0.026122
6.209132 0.025938
6.274230 0.025403
6.290897 0.025268
6.360545 0.024718
6.376967 0.024591
6.458983 0.023970
6.529889 0.023452
6.659265 0.022550
6.674231 0.022449
6.680014 0.022410
6.768115 0.021831
6.771539 0.021808
6.831873 0.021425
6.935270 0.020791
6.941673 0.020753
6.965850 0.020609
7.001115 0.020402
7.008402 0.020359
7.105525 0.019806
7.298017 0.018775
7.307295 0.018728
7.332891 0.018597
7.423313 0.018147
7.637493 0.017143
7.664485 0.017023
7.833321 0.016297
7.958241 0.015789
8.029858 0.015509
8.082981 0.015306
8.130405 0.015128
8.278200 0.014592
8.377992 0.014247
8.438182 0.014044
8.520682 0.013774
8.590489 0.013551
8.681648 0.013268
8.815400 0.012868
8.895432 0.012638
8.899446 0.012626
9.004909 0.012332
9.057187 0.012190
9.174424 0.011881
9.204879 0.011802
9.357434 0.011421
9.424019 0.011260
9.437464 0.011228
9.441650 0.011218
9.555872 0.010951
9.564030 0.010932
9.585602 0.010883
9.632986 0.010777
9.768288 0.010480
9.793748 0.010426
9.900252 0.010203
9.935352 0.010131
