500.000000 2.000000
3.009545 0.110407
3.017797 0.109804
3.122818 0.102543
3.125592 0.102361
3.195898 0.097907
3.246700 0.094867
3.255848 0.094335
3.289597 0.092409
3.303102 0.091655
3.312661 0.091127
3.335877 0.089863
3.359790 0.088588
3.362882 0.088425
3.368653 0.088123
3.371657 0.087966
3.373815 0.087853
3.416949 0.085649
3.420447 0.085474
3.451681 0.083934
3.452763 0.083882
3.455029 0.083772
3.493041 0.081958
3.542183 0.079700
3.547132 0.079478
3.547577 0.079458
3.554312 0.079157
3.581059 0.077979
3.591417 0.077530
3.597198 0.077281
3.597328 0.077275
3.603142 0.077026
3.605945 0.076906
3.610372 0.076718
3.627497 0.075995
3.637597 0.075574
3.646259 0.075215
3.659876 0.074656
3.675655 0.074017
3.677748 0.073933
3.688866 0.073488
3.693362 0.073309
3.702925 0.072931
3.708563 0.072709
3.711908 0.072578
3.774450 0.070193
3.780524 0.069967
3.801530 0.069196
3.834926 0.067996
3.837427 0.067908
3.838116 0.067883
3.853357 0.067348
3.871829 0.066706
3.876019 0.066562
3.878331 0.066483
3.885571 0.066235
3.901033 0.065711
3.930660 0.064725
3.970670 0.063427
3.982367 0.063055
4.039685 0.061278
4.059089 0.060694
4.065568 0.060500
4.113628 0.059095
4.178412 0.057277
4.178814 0.057266
4.185151 0.057092
4.207864 0.056478
4.231464 0.055849
4.237942 0.055679
4.249665 0.055372
4.254599 0.055244
4.257514 0.055168
4.292338 0.054277
4.295519 0.054196
4.316915 0.053660
4.329000 0.053361
4.331356 0.053303
4.332100 0.053285
4.333521 0.053250
4.347406 0.052910
4.354597 0.052736
4.374043 0.052268
4.380688 0.052109
4.383923 0.052032
4.392563 0.051828
4.429219 0.050974
4.430596 0.050942
4.486680 0.049676
4.488076 0.049645
4.488885 0.049628
4.492576 0.049546
4.510675 0.049149
4.510777 0.049147
4.522921 0.048883
4.528436 0.048764
4.534145 0.048642
4.560704 0.048077
4.577128 0.047732
4.622359 0.046803
4.642679 0.046394
4.676912 0.045717
4.677384 0.045708
4.678246 0.045691
4.685270 0.045554
4.703115 0.045209
4.706073 0.045153
4.706871 0.045137
4.711353 0.045051
4.714394 0.044993
4.719216 0.044901
4.734058 0.044620
4.742688 0.044458
4.774458 0.043868
4.781753 0.043735
4.792382 0.043541
4.798472 0.043430
4.799129 0.043419
4.829922 0.042867
4.832047 0.042829
4.865151 0.042248
4.879746 0.041996
4.883331 0.041934
4.883729 0.041927
4.888665 0.041843
4.898960 0.041667
4.908761 0.041501
4.917624 0.041351
4.945238 0.040891
5.026879 0.039573
5.027112 0.039570
5.074191 0.038839
5.083761 0.038693
5.086311 0.038654
5.088843 0.038616
5.090529 0.038590
5.103849 0.038389
5.139628 0.037856
5.169877 0.037414
5.174272 0.037351
5.221198 0.036683
5.233397 0.036512
5.241193 0.036403
5.265415 0.036069
5.273240 0.035962
5.283527 0.035822
5.288148 0.035760
5.291708 0.035712
5.292781 0.035697
5.300814 0.035589
5.303237 0.035556
5.306470 0.035513
5.309234 0.035476
5.316859 0.035374
5.320448 0.035327
5.331325 0.035183
5.361882 0.034783
5.395024 0.034357
5.411302 0.034150
5.453389 0.033625
5.456028 0.033593
5.487672 0.033207
5.488471 0.033197
5.520336 0.032815
5.524443 0.032766
5.535625 0.032634
5.541462 0.032565
5.549658 0.032469
5.557104 0.032382
5.558313 0.032368
5.563027 0.032313
5.567068 0.032266
5.570999 0.032221
5.588557 0.032018
5.607100 0.031807
5.610410 0.031770
5.614105 0.031728
5.616781 0.031698
5.623481 0.031622
5.625583 0.031598
5.639169 0.031446
5.643567 0.031397
5.645002 0.031381
5.646203 0.031368
5.673345 0.031069
5.695973 0.030822
5.697600 0.030805
5.716741 0.030599
5.731128 0.030445
5.759032 0.030151
5.762870 0.030111
5.793871 0.029789
5.823997 0.029482
5.841114 0.029310
5.849929 0.029221
5.849991 0.029221
5.850548 0.029215
5.907432 0.028655
5.927605 0.028460
5.928546 0.028451
5.972421 0.028035
5.994665 0.027827
6.001850 0.027761
6.011902 0.027668
6.013938 0.027649
6.018465 0.027608
6.019265 0.027600
6.036146 0.027446
6.040140 0.027410
6.052316 0.027300
6.065273 0.027183
6.070604 0.027135
6.102126 0.026856
6.103568 0.026843
6.133081 0.026585
6.170768 0.026262
6.181690 0.026169
6.191829 0.026083
6.198122 0.026030
6.205772 0.025966
6.227205 0.025788
6.251293 0.025589
6.261807 0.025504
6.269817 0.025438
6.270118 0.025436
6.279618 0.025359
6.330128 0.024956
6.363008 0.024699
6.386332 0.024519
6.388963 0.024498
6.407101 0.024360
6.415468 0.024296
6.438172 0.024125
6.439508 0.024115
6.448584 0.024048
6.493952 0.023713
6.502371 0.023651
6.508347 0.023608
6.512652 0.023577
6.526540 0.023477
6.561170 0.023229
6.568343 0.023179
6.570695 0.023162
6.572126 0.023152
6.573203 0.023144
6.584142 0.023068
6.606982 0.022908
6.610040 0.022887
6.610232 0.022886
6.613918 0.022860
6.624259 0.022789
6.626042 0.022777
6.628806 0.022758
6.635014 0.022715
6.639356 0.022685
6.641890 0.022668
6.670656 0.022473
6.692564 0.022326
6.692930 0.022324
6.723404 0.022122
6.727719 0.022093
6.737116 0.022032
6.746359 0.021972
6.749454 0.021951
6.780347 0.021752
6.792938 0.021671
6.817492 0.021515
6.820080 0.021499
6.822160 0.021486
6.826513 0.021459
6.827199 0.021454
6.829003 0.021443
6.860399 0.021247
6.874231 0.021162
6.874542 0.021160
6.878757 0.021134
6.941212 0.020755
6.990180 0.020466
7.002461 0.020394
7.004866 0.020380
7.036837 0.020195
7.039738 0.020178
7.049714 0.020121
7.065574 0.020031
7.071670 0.019997
7.096925 0.019855
7.105267 0.019808
7.123079 0.019709
7.128453 0.019679
7.137813 0.019628
7.152915 0.019545
7.154933 0.019534
7.169458 0.019455
7.171564 0.019443
7.181580 0.019389
7.188578 0.019351
7.201980 0.019280
7.211432 0.019229
7.229509 0.019133
7.245388 0.019049
7.259850 0.018973
7.265662 0.018943
7.269686 0.018922
7.303805 0.018746
7.326181 0.018631
7.351435 0.018504
7.360785 0.018457
7.366636 0.018427
7.367074 0.018425
7.379865 0.018361
7.386475 0.018328
7.423581 0.018146
7.427769 0.018125
7.429331 0.018118
7.442397 0.018054
7.442448 0.018054
7.482056 0.017863
7.521401 0.017677
7.528130 0.017645
7.531641 0.017629
7.533128 0.017622
7.553465 0.017527
7.573631 0.017434
7.592459 0.017347
7.600912 0.017309
7.601067 0.017308
7.616696 0.017237
7.618219 0.017230
7.621113 0.017217
7.624331 0.017203
7.688259 0.016918
7.708732 0.016828
7.720176 0.016778
7.727671 0.016746
7.734731 0.016715
7.737117 0.016705
7.740217 0.016691
7.755795 0.016624
7.778339 0.016528
7.781865 0.016513
7.794647 0.016459
7.808851 0.016399
7.812378 0.016385
7.818933 0.016357
7.843522 0.016255
7.844023 0.016253
7.850610 0.016225
7.862545 0.016176
7.864008 0.016170
7.870081 0.016145
7.879727 0.016106
7.885898 0.016080
7.896861 0.016036
7.907551 0.015992
7.915779 0.015959
7.919338 0.015945
7.941865 0.015855
7.960412 0.015781
7.967924 0.015751
7.986061 0.015680
7.994735 0.015646
8.008212 0.015593
8.018590 0.015553
8.024425 0.015530
8.034376 0.015492
8.036917 0.015482
8.051212 0.015427
8.069633 0.015357
8.072915 0.015344
8.099316 0.015244
8.119684 0.015168
8.148867 0.015059
8.156933 0.015030
8.160634 0.015016
8.177755 0.014953
8.183812 0.014931
8.196235 0.014886
8.203265 0.014860
8.217368 0.014809
8.236934 0.014739
8.239916 0.014728
8.249101 0.014696
8.251513 0.014687
8.314446 0.014465
8.316662 0.014458
8.317127 0.014456
8.330015 0.014411
8.363671 0.014296
8.365868 0.014288
8.384629 0.014224
8.390427 0.014205
8.404057 0.014159
8.407849 0.014146
8.415986 0.014119
8.428009 0.014078
8.444161 0.014024
8.444996 0.014022
8.452124 0.013998
8.483677 0.013894
8.485237 0.013889
8.495323 0.013856
8.496795 0.013851
8.499373 0.013843
8.503520 0.013829
8.520816 0.013773
8.529883 0.013744
8.534881 0.013728
8.536628 0.013722
8.561235 0.013644
8.579411 0.013586
8.582031 0.013578
8.612179 0.013483
8.619825 0.013459
8.662965 0.013325
8.675753 0.013286
8.678029 0.013279
8.703262 0.013202
8.706515 0.013192
8.724412 0.013138
8.724606 0.013137
8.743816 0.013080
8.770057 0.013002
8.785071 0.012957
8.785839 0.012955
8.795488 0.012926
8.798432 0.012918
8.839692 0.012798
8.844349 0.012784
8.873856 0.012699
8.876130 0.012693
8.910359 0.012595
8.913792 0.012586
8.914838 0.012583
8.930717 0.012538
8.930909 0.012537
8.937544 0.012519
8.941064 0.012509
8.961417 0.012452
9.034371 0.012252
9.041405 0.012233
9.045337 0.012222
9.047893 0.012215
9.060854 0.012180
9.103026 0.012068
9.115142 0.012036
9.121313 0.012019
9.163660 0.011909
9.183097 0.011858
9.231932 0.011733
9.248604 0.011691
9.259579 0.011663
9.286535 0.011596
9.343576 0.011454
9.350035 0.011439
9.369666 0.011391
9.370797 0.011388
9.381693 0.011362
9.398827 0.011320
9.400762 0.011316
9.410242 0.011293
9.424449 0.011259
9.426469 0.011254
9.446160 0.011207
9.453958 0.011189
9.461933 0.011170
9.474953 0.011139
9.489323 0.011105
9.491501 0.011100
9.513878 0.011048
9.517672 0.011039
9.523626 0.011025
9.546803 0.010972
9.554583 0.010954
9.557358 0.010948
9.557422 0.010948
9.558142 0.010946
9.560551 0.010940
9.575586 0.010906
9.592727 0.010867
9.594336 0.010864
9.642818 0.010755
9.669665 0.010695
9.681617 0.010669
9.706075 0.010615
9.719157 0.010586
9.720481 0.010583
9.730587 0.010561
9.762029 0.010493
9.762218 0.010493
9.769174 0.010478
9.773907 0.010468
9.793627 0.010426
9.796966 0.010419
9.826818 0.010356
9.848891 0.010309
9.881916 0.010240
9.900457 0.010202
9.903445 0.010196
9.931100 0.010139
9.946684 0.010107
9.980871 0.010038
