100.000000 2.000000
3.045088 0.107845
3.096395 0.104301
3.304534 0.091576
3.310140 0.091266
3.506195 0.081344
3.513472 0.081008
3.579128 0.078063
3.675430 0.074026
3.828720 0.068217
3.912504 0.065327
4.120925 0.058886
4.325175 0.053456
4.432592 0.050896
4.450125 0.050496
4.453666 0.050416
4.647281 0.046302
4.648799 0.046272
4.720774 0.044872
4.872874 0.042114
4.950747 0.040800
5.165648 0.037476
5.334288 0.035144
5.340472 0.035062
5.434416 0.033861
5.456441 0.033588
5.470712 0.033413
5.638282 0.031456
5.680215 0.030993
5.873943 0.028983
5.946553 0.028279
5.962273 0.028130
6.112586 0.026764
6.119225 0.026706
6.122558 0.026677
6.122853 0.026674
6.257577 0.025538
6.273528 0.025408
6.278418 0.025369
6.347830 0.024817
6.424814 0.024226
6.461436 0.023952
6.640780 0.022676
6.693946 0.022317
6.863095 0.021230
6.871941 0.021176
6.899496 0.021007
6.939094 0.020768
6.983008 0.020508
6.991348 0.020459
7.010798 0.020345
7.017158 0.020308
7.064097 0.020039
7.157679 0.019519
7.182090 0.019386
7.223896 0.019163
7.246893 0.019041
7.249032 0.019030
7.294042 0.018796
7.352177 0.018500
7.353653 0.018492
7.420395 0.018161
7.435493 0.018088
7.502378 0.017767
7.659782 0.017044
7.664740 0.017022
7.688354 0.016917
7.691279 0.016905
7.793386 0.016464
7.829147 0.016314
7.835590 0.016288
7.899459 0.016025
8.048799 0.015436
8.067238 0.015366
8.189799 0.014909
8.241290 0.014723
8.264478 0.014641
8.325359 0.014428
8.430548 0.014070
8.518655 0.013780
8.588868 0.013556
8.592641 0.013544
8.714652 0.013167
8.718443 0.013156
8.851194 0.012764
8.877489 0.012689
8.937265 0.012520
9.013898 0.012308
9.046067 0.012220
9.074405 0.012144
9.181420 0.011863
9.242083 0.011707
9.331288 0.011485
9.422512 0.011263
9.591224 0.010871
9.690992 0.010648
9.706990 0.010613
9.742451 0.010536
9.849539 0.010308
9.878250 0.010248
9.928044 0.010145
