1000.000000 2.000000
3.004641 0.110768
3.018970 0.109719
3.025613 0.109238
3.032132 0.108769
3.034061 0.108630
3.071332 0.106010
3.094348 0.104439
3.099680 0.104080
3.106211 0.103643
3.115930 0.102997
3.124263 0.102448
3.129211 0.102125
3.131411 0.101981
3.140192 0.101412
3.140374 0.101400
3.167428 0.099675
3.176339 0.099117
3.185122 0.098571
3.188598 0.098356
3.192483 0.098117
3.198090 0.097773
3.202718 0.097491
3.203857 0.097421
3.205569 0.097317
3.220992 0.096388
3.237035 0.095434
3.243482 0.095055
3.249733 0.094690
3.263684 0.093882
3.266835 0.093701
3.274813 0.093245
3.277286 0.093105
3.283286 0.092765
3.290478 0.092360
3.299538 0.091853
3.306507 0.091466
3.316371 0.090923
3.318934 0.090783
3.321802 0.090626
3.326582 0.090366
3.327914 0.090293
3.334672 0.089928
3.338106 0.089743
3.341882 0.089540
3.344352 0.089408
3.348703 0.089176
3.360585 0.088546
3.386946 0.087173
3.391746 0.086927
3.399386 0.086536
3.407382 0.086131
3.408272 0.086086
3.413067 0.085844
3.422712 0.085361
3.434626 0.084770
3.435942 0.084705
3.439689 0.084520
3.443926 0.084313
3.467389 0.083175
3.481741 0.082491
3.484643 0.082354
3.495600 0.081838
3.503417 0.081473
3.519046 0.080751
3.524369 0.080508
3.544482 0.079597
3.544857 0.079580
3.547986 0.079439
3.552133 0.079254
3.553420 0.079197
3.553488 0.079194
3.559538 0.078925
3.561116 0.078855
3.563857 0.078733
3.565203 0.078674
3.575862 0.078206
3.590890 0.077552
3.598575 0.077222
3.612696 0.076619
3.632010 0.075806
3.635831 0.075647
3.651504 0.074999
3.678406 0.073906
3.684588 0.073658
3.686205 0.073594
3.694372 0.073269
3.698260 0.073115
3.704412 0.072872
3.716844 0.072385
3.721436 0.072207
3.728219 0.071944
3.728374 0.071938
3.737139 0.071601
3.755646 0.070897
3.757913 0.070812
3.772536 0.070264
3.775105 0.070168
3.775111 0.070168
3.786104 0.069761
3.788621 0.069669
3.811244 0.068844
3.811524 0.068834
3.812811 0.068787
3.826268 0.068304
3.830942 0.068138
3.832866 0.068070
3.839354 0.067840
3.844186 0.067669
3.860918 0.067084
3.868311 0.066828
3.872676 0.066677
3.873405 0.066652
3.876049 0.066561
3.877615 0.066507
3.877996 0.066494
3.880487 0.066409
3.887355 0.066175
3.894781 0.065923
3.909005 0.065444
3.910973 0.065378
3.913844 0.065282
3.921511 0.065027
3.923623 0.064957
3.926381 0.064866
3.930834 0.064719
3.935299 0.064572
3.936893 0.064520
3.939388 0.064438
3.954457 0.063948
3.959983 0.063770
3.965890 0.063580
3.966761 0.063552
3.969795 0.063455
3.980030 0.063129
3.985669 0.062950
3.992934 0.062721
3.993966 0.062689
4.003589 0.062388
4.007775 0.062258
4.012193 0.062121
4.013669 0.062075
4.025680 0.061705
4.029322 0.061594
4.030229 0.061566
4.046227 0.061080
4.056413 0.060774
4.067406 0.060446
4.071866 0.060313
4.074849 0.060225
4.085180 0.059921
4.101361 0.059449
4.111962 0.059143
4.115812 0.059032
4.120768 0.058890
4.121352 0.058874
4.136941 0.058431
4.138241 0.058394
4.151634 0.058018
4.152542 0.057993
4.156289 0.057888
4.168260 0.057556
4.186286 0.057061
4.192722 0.056886
4.205687 0.056536
4.207005 0.056501
4.207923 0.056476
4.220009 0.056153
4.223113 0.056071
4.236806 0.055709
4.238828 0.055656
4.249518 0.055376
4.250814 0.055342
4.261886 0.055055
4.274612 0.054728
4.277739 0.054648
4.280600 0.054575
4.293032 0.054259
4.294562 0.054220
4.310908 0.053810
4.321067 0.053557
4.326340 0.053427
4.328662 0.053369
4.328830 0.053365
4.330314 0.053329
4.332465 0.053276
4.332621 0.053272
4.336295 0.053182
4.343570 0.053004
4.345558 0.052955
4.351297 0.052816
4.357596 0.052663
4.359747 0.052611
4.360613 0.052590
4.368728 0.052395
4.368879 0.052391
4.381838 0.052082
4.386738 0.051966
4.390844 0.051869
4.395504 0.051759
4.406904 0.051491
4.409889 0.051421
4.417941 0.051234
4.427584 0.051011
4.440354 0.050718
4.470163 0.050044
4.479588 0.049834
4.488450 0.049637
4.489709 0.049609
4.491143 0.049578
4.507572 0.049217
4.510101 0.049162
4.511371 0.049134
4.513653 0.049084
4.514907 0.049057
4.515850 0.049037
4.539297 0.048531
4.551254 0.048277
4.558603 0.048121
4.560002 0.048092
4.569013 0.047902
4.569055 0.047901
4.582589 0.047619
4.586897 0.047529
4.590830 0.047448
4.591469 0.047435
4.594899 0.047364
4.600901 0.047240
4.612445 0.047004
4.626866 0.046712
4.631856 0.046611
4.633380 0.046581
4.640914 0.046429
4.643784 0.046372
4.649863 0.046251
4.654821 0.046152
4.656028 0.046128
4.657580 0.046098
4.663595 0.045979
4.670657 0.045840
4.678332 0.045690
4.686212 0.045536
4.686552 0.045530
4.698923 0.045290
4.703710 0.045198
4.705920 0.045156
4.714954 0.044983
4.716203 0.044959
4.719010 0.044905
4.735100 0.044601
4.736668 0.044571
4.742141 0.044468
4.742524 0.044461
4.746092 0.044394
4.778945 0.043786
4.786535 0.043647
4.794053 0.043511
4.800818 0.043388
4.801640 0.043373
4.807814 0.043262
4.823718 0.042977
4.833655 0.042800
4.867037 0.042215
4.873553 0.042103
4.878322 0.042020
4.878357 0.042020
4.878876 0.042011
4.879417 0.042001
4.889986 0.041820
4.905895 0.041549
4.906653 0.041536
4.908507 0.041505
4.912440 0.041439
4.919325 0.041323
4.920960 0.041295
4.925700 0.041216
4.949128 0.040827
4.955851 0.040716
4.959104 0.040662
4.979152 0.040336
5.005705 0.039909
5.008866 0.039859
5.014311 0.039772
5.028236 0.039552
5.028992 0.039540
5.035260 0.039442
5.037772 0.039402
5.051582 0.039187
5.052398 0.039175
5.057393 0.039097
5.065592 0.038971
5.073631 0.038847
5.076530 0.038803
5.084047 0.038688
5.096939 0.038493
5.099477 0.038455
5.101848 0.038419
5.103462 0.038395
5.106066 0.038355
5.108986 0.038312
5.112882 0.038253
5.114838 0.038224
5.153222 0.037657
5.157152 0.037599
5.188436 0.037147
5.193333 0.037077
5.196501 0.037032
5.200162 0.036980
5.207449 0.036877
5.218315 0.036723
5.226394 0.036610
5.226408 0.036609
5.232538 0.036524
5.235242 0.036486
5.237849 0.036450
5.247100 0.036321
5.247510 0.036316
5.257478 0.036178
5.289658 0.035739
5.295234 0.035664
5.295738 0.035657
5.299027 0.035613
5.303927 0.035547
5.304137 0.035544
5.307277 0.035502
5.332928 0.035162
5.348862 0.034952
5.365730 0.034733
5.375580 0.034606
5.384653 0.034489
5.390790 0.034411
5.399363 0.034302
5.407759 0.034195
5.420443 0.034035
5.423656 0.033995
5.425182 0.033976
5.426011 0.033966
5.452020 0.033642
5.452141 0.033641
5.452889 0.033632
5.465654 0.033475
5.480424 0.033294
5.481764 0.033278
5.481805 0.033278
5.498148 0.033080
5.503903 0.033011
5.507157 0.032972
5.508250 0.032959
5.509284 0.032947
5.526808 0.032738
5.532462 0.032671
5.532625 0.032669
5.537869 0.032607
5.545024 0.032523
5.550544 0.032459
5.560554 0.032342
5.564413 0.032297
5.591019 0.031990
5.594594 0.031949
5.607056 0.031808
5.623449 0.031622
5.632689 0.031519
5.641314 0.031422
5.648746 0.031340
5.651741 0.031307
5.669531 0.031110
5.679385 0.031003
5.683230 0.030961
5.690969 0.030876
5.703563 0.030740
5.709426 0.030677
5.715367 0.030613
5.715759 0.030609
5.721362 0.030549
5.724134 0.030520
5.728304 0.030475
5.743308 0.030316
5.751444 0.030231
5.770276 0.030034
5.781067 0.029922
5.786823 0.029862
5.793661 0.029792
5.797215 0.029755
5.803206 0.029694
5.805779 0.029667
5.806390 0.029661
5.806820 0.029657
5.812348 0.029600
5.813903 0.029585
5.826444 0.029457
5.828094 0.029441
5.837577 0.029345
5.840495 0.029316
5.849061 0.029230
5.851183 0.029209
5.866317 0.029058
5.873179 0.028990
5.875980 0.028963
5.892153 0.028804
5.900008 0.028727
5.916571 0.028567
5.921523 0.028519
5.925594 0.028480
5.930991 0.028428
5.934822 0.028391
5.935336 0.028386
5.936313 0.028377
5.946019 0.028284
5.959777 0.028154
5.960739 0.028145
5.961873 0.028134
5.970690 0.028051
5.972026 0.028039
5.974931 0.028011
5.985698 0.027911
6.002982 0.027750
6.003837 0.027742
6.003844 0.027742
6.006031 0.027722
6.006742 0.027715
6.010970 0.027676
6.014565 0.027643
6.018842 0.027604
6.021572 0.027579
6.022180 0.027574
6.033168 0.027473
6.035447 0.027452
6.037152 0.027437
6.040862 0.027403
6.044987 0.027366
6.045956 0.027357
6.046265 0.027354
6.047486 0.027343
6.050491 0.027316
6.063584 0.027198
6.067599 0.027162
6.072798 0.027116
6.090031 0.026963
6.113663 0.026755
6.115805 0.026736
6.125034 0.026655
6.130559 0.026607
6.130779 0.026605
6.131751 0.026597
6.137311 0.026549
6.151042 0.026430
6.153219 0.026412
6.155518 0.026392
6.158305 0.026368
6.164877 0.026312
6.167230 0.026292
6.168637 0.026280
6.173628 0.026237
6.175179 0.026224
6.179745 0.026185
6.181355 0.026172
6.208024 0.025947
6.209906 0.025932
6.216502 0.025877
6.218712 0.025858
6.221585 0.025834
6.244106 0.025648
6.246091 0.025632
6.250578 0.025595
6.259012 0.025526
6.264103 0.025485
6.272521 0.025416
6.280392 0.025353
6.283450 0.025328
6.284339 0.025321
6.290070 0.025275
6.299315 0.025201
6.304702 0.025158
6.306319 0.025145
6.313624 0.025087
6.318974 0.025044
6.326506 0.024985
6.347411 0.024820
6.347801 0.024817
6.356765 0.024747
6.358788 0.024732
6.362304 0.024704
6.363409 0.024696
6.363509 0.024695
6.367584 0.024663
6.373307 0.024619
6.380778 0.024561
6.392509 0.024471
6.414195 0.024306
6.422621 0.024242
6.423479 0.024236
6.425162 0.024223
6.426644 0.024212
6.440891 0.024105
6.448465 0.024048
6.459808 0.023964
6.460272 0.023961
6.461375 0.023952
6.462623 0.023943
6.465420 0.023922
6.481562 0.023803
6.494582 0.023708
6.501505 0.023658
6.501858 0.023655
6.513399 0.023571
6.515580 0.023556
6.518885 0.023532
6.520900 0.023517
6.521303 0.023514
6.529215 0.023457
6.531231 0.023443
6.545811 0.023339
6.546842 0.023331
6.550231 0.023307
6.555701 0.023268
6.556574 0.023262
6.563820 0.023211
6.567427 0.023185
6.572507 0.023149
6.576921 0.023118
6.577965 0.023111
6.582944 0.023076
6.584449 0.023065
6.613203 0.022865
6.639775 0.022683
6.647652 0.022629
6.650225 0.022611
6.651099 0.022605
6.654427 0.022583
6.657242 0.022564
6.665516 0.022508
6.667780 0.022492
6.674379 0.022448
6.682863 0.022391
6.693158 0.022322
6.696381 0.022301
6.698724 0.022285
6.702901 0.022257
6.705438 0.022241
6.709383 0.022214
6.711064 0.022203
6.727219 0.022097
6.729480 0.022082
6.730274 0.022077
6.732549 0.022062
6.739365 0.022017
6.752969 0.021929
6.779847 0.021755
6.780130 0.021753
6.794332 0.021662
6.796372 0.021649
6.798912 0.021633
6.806015 0.021588
6.807772 0.021577
6.809127 0.021568
6.811267 0.021555
6.818843 0.021507
6.820339 0.021498
6.835139 0.021405
6.842736 0.021357
6.848001 0.021324
6.855319 0.021279
6.857956 0.021262
6.864042 0.021225
6.865753 0.021214
6.872276 0.021174
6.872564 0.021172
6.873534 0.021166
6.885357 0.021093
6.886764 0.021085
6.891981 0.021053
6.896576 0.021025
6.898653 0.021012
6.910118 0.020943
6.916313 0.020905
6.918936 0.020889
6.924814 0.020854
6.954854 0.020674
6.959181 0.020648
6.972944 0.020567
6.977420 0.020540
6.985336 0.020494
6.991805 0.020456
6.992613 0.020451
6.999044 0.020414
6.999766 0.020410
7.002064 0.020396
7.004485 0.020382
7.013971 0.020327
7.014704 0.020323
7.016555 0.020312
7.021144 0.020285
7.021284 0.020285
7.033303 0.020215
7.036547 0.020197
7.037049 0.020194
7.056548 0.020082
7.065645 0.020031
7.066179 0.020028
7.068933 0.020012
7.079486 0.019952
7.081317 0.019942
7.086134 0.019915
7.088116 0.019904
7.089440 0.019896
7.094303 0.019869
7.104125 0.019814
7.107968 0.019793
7.111032 0.019776
7.114378 0.019757
7.116894 0.019743
7.122904 0.019710
7.129902 0.019671
7.137005 0.019632
7.177365 0.019412
7.190795 0.019340
7.200167 0.019289
7.202800 0.019275
7.203721 0.019270
7.211470 0.019229
7.217951 0.019194
7.230604 0.019127
7.242867 0.019062
7.260687 0.018969
7.262133 0.018961
7.262221 0.018961
7.276729 0.018885
7.277404 0.018882
7.280871 0.018864
7.282003 0.018858
7.293124 0.018801
7.308127 0.018724
7.309570 0.018716
7.323770 0.018644
7.333280 0.018595
7.334607 0.018589
7.337048 0.018576
7.337249 0.018575
7.342040 0.018551
7.351779 0.018502
7.359111 0.018465
7.377869 0.018371
7.412094 0.018202
7.414681 0.018189
7.416150 0.018182
7.436699 0.018082
7.440391 0.018064
7.447805 0.018028
7.474876 0.017897
7.475681 0.017894
7.479508 0.017875
7.482348 0.017862
7.484573 0.017851
7.500708 0.017774
7.503721 0.017760
7.508272 0.017739
7.518267 0.017691
7.539113 0.017594
7.556148 0.017515
7.557995 0.017506
7.564497 0.017476
7.566548 0.017466
7.568065 0.017459
7.570056 0.017450
7.572948 0.017437
7.586896 0.017373
7.589268 0.017362
7.590020 0.017359
7.600002 0.017313
7.607861 0.017277
7.608154 0.017276
7.615611 0.017242
7.617059 0.017236
7.620009 0.017222
7.626585 0.017193
7.627276 0.017189
7.628100 0.017186
7.632373 0.017166
7.645057 0.017110
7.658939 0.017048
7.665244 0.017020
7.674291 0.016979
7.680235 0.016953
7.680752 0.016951
7.684584 0.016934
7.685459 0.016930
7.688819 0.016915
7.689726 0.016911
7.701860 0.016858
7.703778 0.016850
7.705458 0.016842
7.708934 0.016827
7.722567 0.016768
7.726832 0.016749
7.748358 0.016656
7.756351 0.016622
7.765285 0.016584
7.783330 0.016507
7.784742 0.016501
7.787680 0.016489
7.796260 0.016452
7.799381 0.016439
7.811195 0.016389
7.812747 0.016383
7.817289 0.016364
7.818554 0.016359
7.819868 0.016353
7.821072 0.016348
7.824581 0.016333
7.825318 0.016330
7.835705 0.016287
7.855798 0.016204
7.858376 0.016193
7.862244 0.016177
7.864199 0.016169
7.864205 0.016169
7.872128 0.016137
7.875446 0.016123
7.887823 0.016073
7.890126 0.016063
7.898223 0.016030
7.908512 0.015989
7.908759 0.015988
7.911275 0.015977
7.926441 0.015916
7.930707 0.015899
7.955997 0.015798
7.963020 0.015770
7.963899 0.015767
7.977415 0.015714
7.983888 0.015688
7.984545 0.015686
7.986845 0.015677
7.989034 0.015668
7.990038 0.015664
7.998634 0.015630
7.999917 0.015625
8.002940 0.015614
8.003176 0.015613
8.007244 0.015597
8.014724 0.015568
8.050566 0.015429
8.054840 0.015413
8.056909 0.015405
8.081936 0.015310
8.088246 0.015286
8.089079 0.015283
8.098009 0.015249
8.105036 0.015223
8.111521 0.015198
8.129111 0.015133
8.138532 0.015098
8.149457 0.015057
8.152057 0.015048
8.160774 0.015015
8.166118 0.014996
8.171888 0.014975
8.180190 0.014944
8.183092 0.014934
8.183429 0.014932
8.188265 0.014915
8.192249 0.014900
8.197174 0.014882
8.199744 0.014873
8.221461 0.014795
8.239088 0.014731
8.259372 0.014659
8.261016 0.014653
8.271121 0.014617
8.281123 0.014582
8.298447 0.014521
8.299144 0.014519
8.300345 0.014515
8.305192 0.014498
8.307774 0.014489
8.311772 0.014475
8.311872 0.014474
8.314028 0.014467
8.317365 0.014455
8.330970 0.014408
8.335388 0.014393
8.342382 0.014369
8.347536 0.014351
8.355403 0.014324
8.358036 0.014315
8.378568 0.014245
8.381592 0.014235
8.383623 0.014228
8.385313 0.014222
8.392655 0.014197
8.394874 0.014190
8.395778 0.014187
8.397602 0.014180
8.407780 0.014146
8.410508 0.014137
8.422452 0.014097
8.426051 0.014085
8.428104 0.014078
8.451355 0.014001
8.463526 0.013960
8.473263 0.013928
8.473448 0.013928
8.475361 0.013921
8.487447 0.013882
8.493314 0.013863
8.515477 0.013791
8.516577 0.013787
8.519549 0.013777
8.544381 0.013697
8.582441 0.013576
8.584361 0.013570
8.609046 0.013492
8.610566 0.013488
8.617039 0.013467
8.619259 0.013460
8.625267 0.013442
8.631450 0.013422
8.634470 0.013413
8.644532 0.013382
8.649378 0.013367
8.650132 0.013365
8.653060 0.013356
8.677282 0.013281
8.679415 0.013275
8.688670 0.013246
8.694338 0.013229
8.702475 0.013204
8.706575 0.013192
8.718300 0.013156
8.720850 0.013149
8.733081 0.013112
8.738178 0.013097
8.740559 0.013089
8.740881 0.013088
8.747269 0.013069
8.766837 0.013011
8.774081 0.012990
8.790100 0.012942
8.796098 0.012925
8.815028 0.012869
8.819138 0.012857
8.820872 0.012852
8.825623 0.012838
8.827210 0.012834
8.828170 0.012831
8.828779 0.012829
8.833190 0.012816
8.844165 0.012785
8.844921 0.012782
8.852538 0.012760
8.853926 0.012756
8.854013 0.012756
8.854280 0.012755
8.889196 0.012655
8.890265 0.012652
8.899591 0.012626
8.905152 0.012610
8.916702 0.012577
8.922204 0.012562
8.932442 0.012533
8.937764 0.012518
8.942080 0.012506
8.948644 0.012488
8.962964 0.012448
8.984924 0.012387
8.986637 0.012382
9.005871 0.012330
9.014976 0.012305
9.024600 0.012278
9.026325 0.012274
9.031844 0.012259
9.035405 0.012249
9.043980 0.012226
9.051707 0.012205
9.053194 0.012201
9.063223 0.012174
9.071991 0.012151
9.088935 0.012105
9.098542 0.012080
9.129029 0.011999
9.131787 0.011992
9.132621 0.011990
9.137788 0.011976
9.142870 0.011963
9.156553 0.011927
9.169963 0.011892
9.174388 0.011881
9.180517 0.011865
9.188605 0.011844
9.191924 0.011836
9.192439 0.011834
9.203695 0.011805
9.207708 0.011795
9.215646 0.011775
9.219194 0.011766
9.229331 0.011740
9.246152 0.011697
9.261878 0.011657
9.264505 0.011651
9.265264 0.011649
9.269623 0.011638
9.276387 0.011621
9.280924 0.011610
9.289757 0.011588
9.293829 0.011577
9.302108 0.011557
9.303522 0.011553
9.303964 0.011552
9.310816 0.011535
9.319131 0.011515
9.324260 0.011502
9.325724 0.011498
9.329265 0.011490
9.334882 0.011476
9.352522 0.011433
9.380057 0.011366
9.385295 0.011353
9.385408 0.011353
9.389947 0.011342
9.404474 0.011307
9.406847 0.011301
9.411369 0.011290
9.415155 0.011281
9.418616 0.011273
9.422643 0.011263
9.426319 0.011254
9.434253 0.011235
9.437432 0.011228
9.444236 0.011212
9.474362 0.011140
9.475285 0.011138
9.488059 0.011108
9.491589 0.011100
9.494057 0.011094
9.502641 0.011074
9.503140 0.011073
9.506782 0.011065
9.509077 0.011059
9.509425 0.011058
9.514613 0.011046
9.515345 0.011045
9.517129 0.011040
9.535993 0.010997
9.540391 0.010987
9.541915 0.010983
9.551479 0.010961
9.554934 0.010953
9.564734 0.010931
9.565291 0.010930
9.575123 0.010907
9.576472 0.010904
9.576710 0.010904
9.584092 0.010887
9.589122 0.010875
9.597752 0.010856
9.611610 0.010824
9.615678 0.010815
9.618623 0.010809
9.622018 0.010801
9.628759 0.010786
9.637812 0.010766
9.642380 0.010756
9.643994 0.010752
9.654652 0.010728
9.661684 0.010713
9.663821 0.010708
9.694801 0.010640
9.706648 0.010614
9.709916 0.010606
9.715226 0.010595
9.726997 0.010569
9.735140 0.010552
9.793700 0.010426
9.801484 0.010409
9.805574 0.010400
9.808359 0.010395
9.819589 0.010371
9.831454 0.010346
9.844114 0.010319
9.850977 0.010305
9.854964 0.010297
9.875054 0.010255
9.875154 0.010254
9.882140 0.010240
9.885559 0.010233
9.902093 0.010199
9.905956 0.010191
9.911082 0.010180
9.929779 0.010142
9.932739 0.010136
9.947218 0.010106
9.948278 0.010104
9.953941 0.010093
9.957906 0.010085
9.962093 0.010076
9.982350 0.010035
9.986079 0.010028
9.993869 0.010012
9.993898 0.010012
9.995393 0.010009
9.997982 0.010004
