50.000000 2.000000
3.060960 0.106730
3.173602 0.099288
3.304200 0.091594
3.309200 0.091317
3.388044 0.087117
3.529318 0.080282
3.722032 0.072184
3.918041 0.065142
4.096343 0.059595
4.190326 0.056951
4.423854 0.051097
4.719502 0.044896
4.783606 0.043701
4.927675 0.041183
4.939305 0.040989
4.997974 0.040032
5.048357 0.039237
5.351035 0.034924
5.463153 0.033505
5.556931 0.032384
6.038583 0.027424
6.456503 0.023989
6.673064 0.022457
7.242628 0.019064
7.290158 0.018816
7.311477 0.018706
7.329486 0.018615
7.516246 0.017701
7.588391 0.017366
7.627388 0.017189
7.887585 0.016074
7.914559 0.015964
7.966546 0.015757
8.103855 0.015227
8.149846 0.015056
8.298290 0.014522
8.300282 0.014515
8.346759 0.014354
8.353456 0.014331
8.538648 0.013716
8.634876 0.013412
8.893259 0.012644
8.973109 0.012420
8.996271 0.012356
9.096975 0.012084
9.106375 0.012059
9.125135 0.012009
9.166007 0.011903
9.229129 0.011740
9.900147 0.010203
