5000.000000 2.000000
3.000565 0.111069
3.001024 0.111035
3.001906 0.110970
3.002208 0.110948
3.003796 0.110830
3.005018 0.110740
3.005530 0.110703
3.006650 0.110620
3.006971 0.110597
3.009998 0.110374
3.010200 0.110359
3.011215 0.110285
3.012803 0.110169
3.013046 0.110151
3.013465 0.110120
3.013810 0.110095
3.015939 0.109940
3.016305 0.109913
3.017134 0.109853
3.017156 0.109851
3.018703 0.109739
3.023580 0.109385
3.023747 0.109373
3.024967 0.109285
3.025118 0.109274
3.027114 0.109130
3.030917 0.108856
3.032107 0.108770
3.033275 0.108687
3.034297 0.108613
3.034386 0.108607
3.037464 0.108387
3.040297 0.108185
3.041840 0.108076
3.045163 0.107840
3.046512 0.107744
3.049121 0.107560
3.051458 0.107395
3.053034 0.107284
3.053934 0.107221
3.058172 0.106924
3.061143 0.106717
3.063797 0.106532
3.065025 0.106447
3.066671 0.106332
3.066964 0.106312
3.067146 0.106299
3.069396 0.106144
3.069631 0.106127
3.072083 0.105958
3.073809 0.105839
3.074264 0.105808
3.074903 0.105764
3.075089 0.105751
3.078981 0.105484
3.079297 0.105462
3.079628 0.105440
3.079698 0.105435
3.079707 0.105434
3.079754 0.105431
3.083228 0.105193
3.083451 0.105178
3.083525 0.105173
3.085655 0.105028
3.088249 0.104852
3.090249 0.104716
3.091811 0.104610
3.092131 0.104589
3.093178 0.104518
3.093321 0.104508
3.094670 0.104417
3.096723 0.104279
3.097554 0.104223
3.098806 0.104138
3.099066 0.104121
3.102203 0.103911
3.103884 0.103798
3.106498 0.103623
3.107068 0.103585
3.110665 0.103346
3.113662 0.103147
3.114016 0.103124
3.116228 0.102977
3.117947 0.102864
3.119920 0.102734
3.122521 0.102563
3.123454 0.102501
3.124144 0.102456
3.125479 0.102369
3.128465 0.102173
3.130032 0.102071
3.131533 0.101973
3.132602 0.101904
3.136461 0.101653
3.137861 0.101562
3.138314 0.101533
3.138854 0.101498
3.139598 0.101450
3.140203 0.101411
3.140755 0.101375
3.141283 0.101341
3.143704 0.101185
3.145858 0.101047
3.145971 0.101039
3.148230 0.100894
3.148445 0.100881
3.148923 0.100850
3.148934 0.100849
3.150760 0.100732
3.151423 0.100690
3.154358 0.100503
3.155446 0.100433
3.157671 0.100292
3.158082 0.100266
3.159177 0.100196
3.159818 0.100156
3.162007 0.100017
3.162913 0.099960
3.163119 0.099947
3.163848 0.099901
3.164295 0.099873
3.164318 0.099871
3.164327 0.099870
3.165508 0.099796
3.166558 0.099730
3.168104 0.099633
3.171639 0.099411
3.172126 0.099380
3.173104 0.099319
3.173762 0.099278
3.173781 0.099276
3.175697 0.099157
3.175878 0.099145
3.179333 0.098930
3.183315 0.098683
3.183733 0.098657
3.185231 0.098564
3.186773 0.098469
3.187022 0.098453
3.189827 0.098280
3.192355 0.098125
3.192873 0.098093
3.193196 0.098073
3.195255 0.097947
3.195427 0.097936
3.197185 0.097828
3.197550 0.097806
3.200667 0.097616
3.200745 0.097611
3.201518 0.097564
3.202590 0.097498
3.202654 0.097494
3.204461 0.097385
3.205713 0.097309
3.206501 0.097261
3.208138 0.097161
3.208401 0.097145
3.210604 0.097012
3.213314 0.096849
3.213867 0.096815
3.214991 0.096748
3.216036 0.096685
3.218043 0.096564
3.218086 0.096562
3.218313 0.096548
3.219440 0.096480
3.220430 0.096421
3.220874 0.096395
3.222412 0.096303
3.223077 0.096263
3.224941 0.096152
3.225967 0.096090
3.226033 0.096086
3.227766 0.095983
3.229371 0.095888
3.230076 0.095846
3.231378 0.095769
3.233149 0.095664
3.233270 0.095657
3.233786 0.095626
3.237574 0.095403
3.237641 0.095399
3.237852 0.095386
3.239126 0.095311
3.239823 0.095270
3.240836 0.095211
3.242688 0.095102
3.245437 0.094941
3.246174 0.094898
3.247115 0.094843
3.247942 0.094795
3.247942 0.094795
3.248628 0.094755
3.249999 0.094675
3.250363 0.094653
3.250587 0.094640
3.256252 0.094311
3.256392 0.094303
3.256579 0.094292
3.256706 0.094285
3.257060 0.094265
3.257549 0.094236
3.258802 0.094164
3.259229 0.094139
3.259529 0.094122
3.260386 0.094072
3.264150 0.093856
3.265128 0.093799
3.265337 0.093787
3.270013 0.093519
3.271303 0.093445
3.274921 0.093239
3.276321 0.093159
3.276471 0.093151
3.278317 0.093046
3.279991 0.092951
3.281535 0.092864
3.282066 0.092834
3.283321 0.092763
3.285097 0.092662
3.286994 0.092555
3.287885 0.092505
3.289020 0.092442
3.289334 0.092424
3.289640 0.092407
3.293845 0.092171
3.302080 0.091712
3.302753 0.091674
3.303883 0.091612
3.306234 0.091481
3.306349 0.091475
3.306412 0.091472
3.307556 0.091408
3.307802 0.091395
3.308922 0.091333
3.310173 0.091264
3.311437 0.091194
3.311652 0.091182
3.311999 0.091163
3.312042 0.091161
3.312060 0.091160
3.312654 0.091127
3.314000 0.091053
3.314302 0.091037
3.317679 0.090851
3.320872 0.090677
3.326007 0.090397
3.326119 0.090391
3.327022 0.090342
3.330183 0.090170
3.331351 0.090107
3.331608 0.090093
3.332111 0.090066
3.333387 0.089997
3.335391 0.089889
3.335828 0.089865
3.339169 0.089686
3.339497 0.089668
3.339589 0.089663
3.343121 0.089474
3.343545 0.089451
3.343920 0.089431
3.344305 0.089410
3.345685 0.089337
3.346220 0.089308
3.347138 0.089259
3.347221 0.089255
3.353659 0.088912
3.354894 0.088847
3.358743 0.088643
3.362391 0.088451
3.365785 0.088273
3.366518 0.088234
3.367169 0.088200
3.367483 0.088184
3.372106 0.087942
3.373357 0.087877
3.375867 0.087746
3.377243 0.087675
3.377568 0.087658
3.378321 0.087619
3.379272 0.087570
3.380120 0.087526
3.380728 0.087494
3.382242 0.087416
3.384278 0.087311
3.385886 0.087228
3.387695 0.087135
3.387857 0.087126
3.389908 0.087021
3.390468 0.086992
3.391302 0.086949
3.391451 0.086942
3.392660 0.086880
3.397242 0.086646
3.397819 0.086616
3.398124 0.086601
3.398816 0.086565
3.399949 0.086508
3.403263 0.086339
3.403992 0.086302
3.405193 0.086242
3.405282 0.086237
3.406628 0.086169
3.406793 0.086161
3.407190 0.086140
3.407565 0.086122
3.408061 0.086096
3.409264 0.086036
3.410804 0.085958
3.411199 0.085938
3.412668 0.085864
3.413492 0.085823
3.413559 0.085819
3.413824 0.085806
3.414654 0.085764
3.416574 0.085668
3.417074 0.085643
3.418970 0.085548
3.419510 0.085521
3.419643 0.085514
3.422693 0.085362
3.422782 0.085357
3.423100 0.085342
3.423610 0.085316
3.424714 0.085261
3.425222 0.085236
3.425276 0.085233
3.428892 0.085054
3.433489 0.084826
3.434243 0.084789
3.434997 0.084751
3.436576 0.084674
3.437413 0.084632
3.438165 0.084595
3.438560 0.084576
3.439776 0.084516
3.439912 0.084509
3.442807 0.084367
3.443090 0.084354
3.444864 0.084267
3.445749 0.084223
3.446285 0.084197
3.446333 0.084195
3.447789 0.084124
3.456303 0.083710
3.457808 0.083637
3.459458 0.083557
3.461237 0.083471
3.461373 0.083465
3.461405 0.083463
3.463818 0.083347
3.464021 0.083337
3.465478 0.083267
3.465742 0.083254
3.467415 0.083174
3.467947 0.083149
3.468086 0.083142
3.471173 0.082994
3.471504 0.082978
3.473519 0.082882
3.473950 0.082862
3.474579 0.082831
3.474587 0.082831
3.475157 0.082804
3.475527 0.082786
3.477824 0.082677
3.483486 0.082408
3.484965 0.082339
3.488375 0.082178
3.488835 0.082156
3.488867 0.082154
3.490959 0.082056
3.493566 0.081934
3.496519 0.081795
3.496674 0.081788
3.498051 0.081724
3.499055 0.081677
3.499962 0.081634
3.501137 0.081580
3.501957 0.081541
3.502680 0.081508
3.504430 0.081426
3.504826 0.081408
3.505408 0.081381
3.507090 0.081303
3.508811 0.081223
3.510281 0.081155
3.510316 0.081154
3.517604 0.080818
3.525440 0.080459
3.526288 0.080420
3.528244 0.080331
3.528486 0.080320
3.528613 0.080314
3.530167 0.080243
3.534763 0.080035
3.536810 0.079942
3.537692 0.079902
3.538370 0.079872
3.540921 0.079757
3.541266 0.079741
3.542315 0.079694
3.542979 0.079664
3.543101 0.079659
3.546137 0.079522
3.549157 0.079387
3.549792 0.079359
3.549960 0.079351
3.551174 0.079297
3.551190 0.079296
3.551338 0.079290
3.552365 0.079244
3.552546 0.079236
3.554213 0.079161
3.554288 0.079158
3.555624 0.079099
3.555819 0.079090
3.556858 0.079044
3.559343 0.078933
3.560663 0.078875
3.560911 0.078864
3.564074 0.078724
3.564674 0.078697
3.565339 0.078668
3.566417 0.078620
3.566485 0.078617
3.566722 0.078607
3.567559 0.078570
3.569565 0.078482
3.572376 0.078358
3.572751 0.078342
3.572949 0.078333
3.574724 0.078256
3.575016 0.078243
3.578327 0.078098
3.579619 0.078042
3.581820 0.077946
3.582392 0.077921
3.582715 0.077907
3.583983 0.077852
3.585971 0.077765
3.585980 0.077765
3.586468 0.077744
3.586602 0.077738
3.586743 0.077732
3.588247 0.077667
3.588849 0.077641
3.589866 0.077597
3.592077 0.077501
3.592208 0.077496
3.592437 0.077486
3.592735 0.077473
3.592922 0.077465
3.593481 0.077441
3.594254 0.077407
3.599500 0.077182
3.601955 0.077077
3.602963 0.077034
3.604792 0.076955
3.606326 0.076890
3.606406 0.076887
3.608532 0.076796
3.608740 0.076787
3.609399 0.076759
3.609899 0.076738
3.610145 0.076727
3.611625 0.076665
3.613791 0.076573
3.614537 0.076541
3.615181 0.076514
3.615454 0.076502
3.616686 0.076450
3.619014 0.076352
3.619997 0.076310
3.620236 0.076300
3.620386 0.076294
3.623769 0.076152
3.624295 0.076129
3.624497 0.076121
3.625354 0.076085
3.625941 0.076060
3.626328 0.076044
3.628486 0.075954
3.628579 0.075950
3.629435 0.075914
3.629666 0.075904
3.630694 0.075861
3.630994 0.075849
3.633211 0.075756
3.633322 0.075752
3.634395 0.075707
3.634885 0.075687
3.635628 0.075656
3.635900 0.075644
3.637883 0.075562
3.640559 0.075451
3.641265 0.075422
3.642365 0.075376
3.642698 0.075362
3.643071 0.075347
3.644173 0.075301
3.645494 0.075247
3.645751 0.075236
3.647975 0.075144
3.651348 0.075006
3.653861 0.074902
3.656087 0.074811
3.656558 0.074792
3.658649 0.074707
3.658825 0.074699
3.659959 0.074653
3.661163 0.074604
3.661435 0.074593
3.662394 0.074554
3.663028 0.074528
3.663104 0.074525
3.663605 0.074505
3.664036 0.074487
3.668770 0.074295
3.670614 0.074220
3.670622 0.074220
3.671751 0.074174
3.671852 0.074170
3.674686 0.074056
3.675903 0.074007
3.677885 0.073927
3.679916 0.073846
3.682085 0.073759
3.684730 0.073653
3.685485 0.073623
3.686027 0.073601
3.686251 0.073592
3.688971 0.073483
3.692078 0.073360
3.692508 0.073343
3.692879 0.073328
3.693321 0.073310
3.693656 0.073297
3.693881 0.073288
3.697840 0.073131
3.698660 0.073099
3.698930 0.073088
3.700545 0.073025
3.702305 0.072955
3.706014 0.072809
3.707563 0.072748
3.711214 0.072605
3.714824 0.072464
3.715490 0.072438
3.717559 0.072358
3.721068 0.072221
3.722257 0.072175
3.725024 0.072068
3.726247 0.072021
3.726653 0.072005
3.726844 0.071998
3.727910 0.071956
3.728762 0.071923
3.729846 0.071882
3.730880 0.071842
3.732670 0.071773
3.732952 0.071762
3.734086 0.071719
3.734736 0.071694
3.735694 0.071657
3.735730 0.071655
3.735864 0.071650
3.736254 0.071635
3.737552 0.071586
3.737568 0.071585
3.738765 0.071539
3.740505 0.071473
3.741768 0.071424
3.742162 0.071409
3.742636 0.071391
3.745713 0.071274
3.752440 0.071019
3.752493 0.071017
3.753775 0.070968
3.753882 0.070964
3.753923 0.070963
3.755137 0.070917
3.755329 0.070909
3.755964 0.070885
3.757346 0.070833
3.758212 0.070801
3.758588 0.070787
3.758657 0.070784
3.759063 0.070769
3.759603 0.070748
3.761038 0.070694
3.762314 0.070646
3.764238 0.070574
3.766092 0.070505
3.766664 0.070483
3.769787 0.070367
3.772558 0.070263
3.772919 0.070250
3.774201 0.070202
3.776583 0.070114
3.780671 0.069962
3.781985 0.069913
3.782389 0.069898
3.783547 0.069856
3.784977 0.069803
3.785142 0.069797
3.787602 0.069706
3.789999 0.069618
3.791153 0.069576
3.791574 0.069560
3.792160 0.069539
3.799099 0.069285
3.799326 0.069277
3.799927 0.069255
3.802292 0.069169
3.803144 0.069138
3.804289 0.069096
3.804649 0.069083
3.804973 0.069071
3.808030 0.068960
3.808945 0.068927
3.809652 0.068902
3.813031 0.068780
3.813849 0.068750
3.815752 0.068681
3.816168 0.068667
3.818088 0.068597
3.820210 0.068521
3.821379 0.068479
3.821513 0.068475
3.821676 0.068469
3.822812 0.068428
3.823068 0.068419
3.824094 0.068382
3.824659 0.068362
3.825042 0.068348
3.825247 0.068341
3.827056 0.068276
3.827764 0.068251
3.832403 0.068086
3.834857 0.067999
3.838399 0.067873
3.841217 0.067774
3.841703 0.067757
3.842779 0.067719
3.843684 0.067687
3.843752 0.067684
3.847640 0.067548
3.848734 0.067509
3.849301 0.067490
3.851367 0.067417
3.852166 0.067389
3.862218 0.067039
3.863942 0.066979
3.865051 0.066941
3.865295 0.066932
3.865451 0.066927
3.866709 0.066883
3.869824 0.066776
3.870212 0.066762
3.870514 0.066752
3.870707 0.066745
3.872700 0.066676
3.873705 0.066642
3.874827 0.066603
3.876344 0.066551
3.877510 0.066511
3.879201 0.066453
3.880419 0.066411
3.880849 0.066397
3.881115 0.066388
3.885912 0.066224
3.886412 0.066207
3.886949 0.066188
3.886967 0.066188
3.887029 0.066186
3.889367 0.066106
3.890738 0.066060
3.891729 0.066026
3.891736 0.066026
3.892822 0.065989
3.893380 0.065970
3.894440 0.065934
3.895824 0.065887
3.896046 0.065880
3.896500 0.065864
3.898288 0.065804
3.900387 0.065733
3.901848 0.065684
3.902918 0.065648
3.905877 0.065549
3.906653 0.065522
3.907294 0.065501
3.908575 0.065458
3.909100 0.065440
3.910871 0.065381
3.911500 0.065360
3.912148 0.065339
3.912820 0.065316
3.913132 0.065306
3.914070 0.065274
3.914211 0.065270
3.914510 0.065260
3.917543 0.065159
3.917628 0.065156
3.918616 0.065123
3.918621 0.065123
3.919288 0.065101
3.920058 0.065075
3.922307 0.065001
3.923117 0.064974
3.924170 0.064939
3.924305 0.064934
3.924614 0.064924
3.925853 0.064883
3.926610 0.064858
3.927477 0.064830
3.927489 0.064829
3.928575 0.064793
3.930608 0.064726
3.931991 0.064681
3.935911 0.064552
3.936475 0.064533
3.937628 0.064496
3.938257 0.064475
3.942201 0.064346
3.942796 0.064327
3.942931 0.064322
3.944119 0.064284
3.944716 0.064264
3.945836 0.064228
3.954046 0.063961
3.955098 0.063927
3.955108 0.063927
3.955609 0.063911
3.957871 0.063838
3.959472 0.063786
3.963060 0.063671
3.964500 0.063624
3.965359 0.063597
3.965468 0.063593
3.966736 0.063553
3.971572 0.063398
3.973119 0.063349
3.975784 0.063264
3.976231 0.063249
3.976323 0.063247
3.976870 0.063229
3.977064 0.063223
3.977990 0.063194
3.978960 0.063163
3.979183 0.063156
3.979878 0.063134
3.980305 0.063120
3.982039 0.063065
3.982295 0.063057
3.985573 0.062953
3.986372 0.062928
3.986552 0.062922
3.988644 0.062856
3.989633 0.062825
3.989768 0.062821
3.990248 0.062806
3.990307 0.062804
3.991325 0.062772
3.992227 0.062744
3.997479 0.062579
3.999135 0.062527
3.999637 0.062511
4.000153 0.062495
4.000761 0.062476
4.001132 0.062465
4.002019 0.062437
4.003020 0.062406
4.006675 0.062292
4.007015 0.062281
4.007686 0.062261
4.011392 0.062146
4.013050 0.062094
4.013501 0.062080
4.016133 0.061999
4.017466 0.061958
4.018255 0.061933
4.018531 0.061925
4.019291 0.061902
4.020508 0.061864
4.024229 0.061750
4.026410 0.061683
4.032169 0.061507
4.032813 0.061487
4.032931 0.061483
4.034353 0.061440
4.035016 0.061420
4.035373 0.061409
4.036321 0.061380
4.036507 0.061375
4.038053 0.061328
4.038818 0.061304
4.039924 0.061271
4.040486 0.061254
4.041636 0.061219
4.042283 0.061199
4.043796 0.061154
4.045317 0.061108
4.045441 0.061104
4.046437 0.061074
4.048228 0.061020
4.049440 0.060983
4.050853 0.060941
4.051257 0.060928
4.052609 0.060888
4.059853 0.060671
4.061126 0.060633
4.064993 0.060517
4.066678 0.060467
4.066796 0.060464
4.068955 0.060400
4.070100 0.060366
4.070909 0.060342
4.072121 0.060306
4.073022 0.060279
4.073161 0.060275
4.073800 0.060256
4.076082 0.060189
4.079143 0.060098
4.082769 0.059992
4.084445 0.059942
4.084744 0.059934
4.085272 0.059918
4.086434 0.059884
4.089116 0.059806
4.089836 0.059784
4.092249 0.059714
4.094683 0.059643
4.100673 0.059469
4.100751 0.059467
4.101269 0.059452
4.101667 0.059440
4.102233 0.059424
4.104151 0.059368
4.104300 0.059364
4.104789 0.059350
4.104822 0.059349
4.105340 0.059334
4.107150 0.059281
4.108408 0.059245
4.112450 0.059129
4.113869 0.059088
4.118357 0.058959
4.120611 0.058895
4.122430 0.058843
4.122969 0.058827
4.124048 0.058797
4.126264 0.058734
4.128498 0.058670
4.129668 0.058637
4.132992 0.058542
4.133373 0.058532
4.133744 0.058521
4.133937 0.058516
4.135904 0.058460
4.137564 0.058413
4.137752 0.058408
4.137900 0.058404
4.138981 0.058373
4.139577 0.058356
4.141559 0.058301
4.142210 0.058282
4.146405 0.058164
4.147713 0.058128
4.150620 0.058046
4.151153 0.058031
4.151728 0.058015
4.154017 0.057951
4.155209 0.057918
4.158420 0.057829
4.160250 0.057778
4.161158 0.057753
4.162964 0.057703
4.163240 0.057695
4.165849 0.057623
4.167487 0.057577
4.168213 0.057557
4.169284 0.057528
4.169599 0.057519
4.170234 0.057501
4.174284 0.057390
4.180886 0.057209
4.184294 0.057116
4.184333 0.057115
4.185656 0.057079
4.188984 0.056988
4.189157 0.056983
4.191501 0.056919
4.193449 0.056867
4.193515 0.056865
4.193830 0.056856
4.195338 0.056815
4.198637 0.056726
4.201038 0.056661
4.204926 0.056557
4.205882 0.056531
4.205988 0.056528
4.207753 0.056481
4.209661 0.056429
4.209995 0.056420
4.210219 0.056414
4.210831 0.056398
4.211503 0.056380
4.212321 0.056358
4.212797 0.056345
4.213664 0.056322
4.215271 0.056279
4.216744 0.056240
4.218034 0.056206
4.218290 0.056199
4.219629 0.056163
4.221775 0.056106
4.226520 0.055980
4.227066 0.055966
4.227927 0.055943
4.229395 0.055904
4.229764 0.055894
4.231521 0.055848
4.232007 0.055835
4.235784 0.055736
4.237241 0.055697
4.239037 0.055650
4.239549 0.055637
4.242471 0.055560
4.246715 0.055449
4.246844 0.055446
4.247283 0.055434
4.248236 0.055409
4.249026 0.055389
4.249265 0.055382
4.249570 0.055375
4.249697 0.055371
4.251801 0.055316
4.251975 0.055312
4.252792 0.055291
4.253363 0.055276
4.255486 0.055221
4.257569 0.055167
4.259468 0.055117
4.260119 0.055101
4.260885 0.055081
4.262409 0.055041
4.265541 0.054961
4.266854 0.054927
4.267580 0.054908
4.267939 0.054899
4.271045 0.054819
4.274706 0.054725
4.274741 0.054724
4.276457 0.054680
4.276853 0.054670
4.277798 0.054646
4.280103 0.054587
4.282831 0.054518
4.285240 0.054456
4.286794 0.054417
4.288512 0.054373
4.288942 0.054363
4.288997 0.054361
4.293039 0.054259
4.295886 0.054187
4.298398 0.054124
4.299646 0.054092
4.299718 0.054090
4.302229 0.054027
4.302648 0.054017
4.303849 0.053987
4.306374 0.053923
4.310982 0.053808
4.314904 0.053710
4.316246 0.053677
4.318783 0.053614
4.319320 0.053601
4.320187 0.053579
4.321590 0.053544
4.325215 0.053455
4.326918 0.053412
4.327155 0.053407
4.327634 0.053395
4.335054 0.053212
4.335108 0.053211
4.336852 0.053168
4.340210 0.053086
4.340738 0.053073
4.341176 0.053062
4.345193 0.052964
4.345558 0.052955
4.346396 0.052935
4.347308 0.052913
4.351206 0.052818
4.352018 0.052798
4.352521 0.052786
4.352650 0.052783
4.353263 0.052768
4.354383 0.052741
4.355350 0.052717
4.356708 0.052685
4.356936 0.052679
4.357767 0.052659
4.358203 0.052648
4.362498 0.052545
4.364878 0.052487
4.367432 0.052426
4.367616 0.052422
4.369683 0.052372
4.369995 0.052365
4.375085 0.052243
4.375767 0.052227
4.376914 0.052199
4.379561 0.052136
4.380951 0.052103
4.381885 0.052081
4.385287 0.052000
4.386889 0.051962
4.388103 0.051933
4.388328 0.051928
4.388515 0.051924
4.388601 0.051922
4.391248 0.051859
4.393195 0.051813
4.395777 0.051752
4.397122 0.051721
4.398853 0.051680
4.399191 0.051672
4.401492 0.051618
4.402395 0.051597
4.402822 0.051587
4.405381 0.051527
4.405381 0.051527
4.406809 0.051493
4.407140 0.051486
4.409333 0.051434
4.409819 0.051423
4.412700 0.051356
4.412713 0.051356
4.413158 0.051345
4.413241 0.051343
4.414047 0.051325
4.414235 0.051320
4.414881 0.051305
4.415101 0.051300
4.417378 0.051247
4.417909 0.051235
4.420935 0.051165
4.421091 0.051161
4.422927 0.051119
4.423510 0.051105
4.423687 0.051101
4.425539 0.051058
4.428477 0.050991
4.431271 0.050926
4.433107 0.050884
4.433568 0.050874
4.437660 0.050780
4.439138 0.050746
4.444029 0.050634
4.446825 0.050571
4.450362 0.050490
4.452605 0.050440
4.453853 0.050411
4.454049 0.050407
4.457021 0.050340
4.457402 0.050331
4.466096 0.050135
4.466308 0.050131
4.466493 0.050126
4.470146 0.050045
4.471008 0.050025
4.471146 0.050022
4.471836 0.050007
4.472448 0.049993
4.473161 0.049977
4.473662 0.049966
4.474796 0.049941
4.476621 0.049900
4.478286 0.049863
4.479455 0.049837
4.480029 0.049824
4.481492 0.049791
4.481810 0.049784
4.484536 0.049724
4.487556 0.049657
4.488300 0.049641
4.489675 0.049610
4.495205 0.049488
4.497282 0.049442
4.498815 0.049409
4.500273 0.049377
4.500615 0.049369
4.503612 0.049304
4.504309 0.049288
4.504983 0.049274
4.506496 0.049240
4.511317 0.049135
4.513437 0.049089
4.514632 0.049063
4.514769 0.049060
4.515162 0.049052
4.515454 0.049045
4.516242 0.049028
4.516464 0.049023
4.516865 0.049015
4.518369 0.048982
4.519345 0.048961
4.523343 0.048874
4.528135 0.048771
4.528881 0.048755
4.529530 0.048741
4.529695 0.048737
4.532728 0.048672
4.534665 0.048631
4.537559 0.048569
4.539477 0.048528
4.539684 0.048523
4.539688 0.048523
4.544262 0.048425
4.546487 0.048378
4.547585 0.048355
4.548231 0.048341
4.550170 0.048300
4.550686 0.048289
4.551456 0.048272
4.551536 0.048271
4.552753 0.048245
4.554018 0.048218
4.556186 0.048172
4.557368 0.048147
4.558605 0.048121
4.558943 0.048114
4.559230 0.048108
4.563223 0.048024
4.563570 0.048016
4.563876 0.048010
4.565148 0.047983
4.568026 0.047923
4.568315 0.047917
4.573713 0.047804
4.577123 0.047733
4.579143 0.047690
4.579562 0.047682
4.579645 0.047680
4.581291 0.047646
4.581589 0.047640
4.582057 0.047630
4.583396 0.047602
4.584294 0.047583
4.585343 0.047562
4.586820 0.047531
4.587000 0.047527
4.587262 0.047522
4.587745 0.047512
4.588091 0.047505
4.590137 0.047462
4.590506 0.047455
4.591060 0.047443
4.592813 0.047407
4.593405 0.047395
4.593496 0.047393
4.594150 0.047379
4.599150 0.047276
4.599630 0.047267
4.599814 0.047263
4.604740 0.047162
4.604743 0.047162
4.606552 0.047125
4.607353 0.047108
4.611170 0.047030
4.612452 0.047004
4.614040 0.046972
4.616997 0.046912
4.618149 0.046888
4.620500 0.046841
4.622327 0.046804
4.622901 0.046792
4.624178 0.046766
4.625983 0.046730
4.627880 0.046691
4.628339 0.046682
4.631866 0.046611
4.634679 0.046554
4.637374 0.046500
4.637757 0.046493
4.637844 0.046491
4.638471 0.046478
4.638762 0.046472
4.641573 0.046416
4.643604 0.046376
4.644123 0.046365
4.648515 0.046278
4.648613 0.046276
4.648963 0.046269
4.651680 0.046215
4.651907 0.046210
4.652122 0.046206
4.652738 0.046194
4.655136 0.046146
4.655296 0.046143
4.656107 0.046127
4.660192 0.046046
4.661823 0.046014
4.661865 0.046013
4.661924 0.046012
4.662053 0.046009
4.663127 0.045988
4.664538 0.045960
4.669221 0.045868
4.674752 0.045760
4.676596 0.045724
4.677002 0.045716
4.680718 0.045643
4.682052 0.045617
4.683167 0.045595
4.686044 0.045539
4.686062 0.045539
4.690993 0.045443
4.693912 0.045387
4.694267 0.045380
4.695244 0.045361
4.696879 0.045330
4.697004 0.045327
4.697547 0.045317
4.698942 0.045290
4.699162 0.045285
4.703564 0.045201
4.705464 0.045164
4.706184 0.045150
4.707199 0.045131
4.708160 0.045113
4.709072 0.045095
4.710004 0.045077
4.710661 0.045065
4.710756 0.045063
4.711152 0.045055
4.711956 0.045040
4.712205 0.045035
4.712574 0.045028
4.712908 0.045022
4.713385 0.045013
4.714124 0.044998
4.714348 0.044994
4.715515 0.044972
4.716603 0.044951
4.719225 0.044901
4.720955 0.044868
4.721137 0.044865
4.721179 0.044864
4.722159 0.044845
4.723969 0.044811
4.724102 0.044809
4.726062 0.044771
4.727985 0.044735
4.728139 0.044732
4.731089 0.044676
4.731093 0.044676
4.732983 0.044641
4.737013 0.044565
4.737769 0.044550
4.739699 0.044514
4.743856 0.044436
4.744727 0.044420
4.744741 0.044420
4.744829 0.044418
4.745329 0.044409
4.748512 0.044349
4.748846 0.044343
4.752691 0.044271
4.753693 0.044252
4.754897 0.044230
4.758278 0.044167
4.759094 0.044152
4.759153 0.044151
4.759855 0.044138
4.762106 0.044096
4.762921 0.044081
4.764377 0.044054
4.767119 0.044004
4.769655 0.043957
4.771697 0.043919
4.771790 0.043917
4.775330 0.043852
4.779225 0.043781
4.779585 0.043774
4.780136 0.043764
4.781484 0.043740
4.781825 0.043733
4.783051 0.043711
4.783054 0.043711
4.784717 0.043680
4.784859 0.043678
4.786629 0.043646
4.789228 0.043598
4.789901 0.043586
4.790874 0.043568
4.791310 0.043560
4.792218 0.043544
4.792577 0.043537
4.793934 0.043513
4.794061 0.043510
4.794240 0.043507
4.796063 0.043474
4.796605 0.043464
4.798176 0.043436
4.799115 0.043419
4.799174 0.043418
4.800856 0.043387
4.803481 0.043340
4.804012 0.043330
4.804211 0.043327
4.807063 0.043275
4.812133 0.043184
4.814236 0.043146
4.818062 0.043078
4.820708 0.043031
4.821386 0.043019
4.821550 0.043016
4.823656 0.042978
4.823770 0.042976
4.824338 0.042966
4.824565 0.042962
4.830128 0.042863
4.831525 0.042838
4.831528 0.042838
4.831674 0.042836
4.834314 0.042789
4.837385 0.042735
4.838284 0.042719
4.840271 0.042684
4.845065 0.042599
4.845094 0.042599
4.845143 0.042598
4.846515 0.042574
4.847227 0.042561
4.851618 0.042484
4.851899 0.042479
4.855905 0.042409
4.856069 0.042406
4.857622 0.042379
4.859077 0.042354
4.860718 0.042325
4.868260 0.042194
4.870610 0.042153
4.871679 0.042135
4.872605 0.042119
4.874343 0.042089
4.875577 0.042068
4.876200 0.042057
4.877144 0.042041
4.878345 0.042020
4.878677 0.042014
4.880842 0.041977
4.881118 0.041972
4.882194 0.041954
4.882512 0.041948
4.884164 0.041920
4.884684 0.041911
4.884922 0.041907
4.884925 0.041907
4.886939 0.041872
4.886955 0.041872
4.887323 0.041866
4.887699 0.041859
4.890584 0.041810
4.895320 0.041729
4.896237 0.041713
4.896887 0.041702
4.898782 0.041670
4.900011 0.041649
4.900979 0.041633
4.902184 0.041612
4.905373 0.041558
4.908425 0.041506
4.909071 0.041496
4.911027 0.041462
4.916699 0.041367
4.917439 0.041354
4.918518 0.041336
4.918834 0.041331
4.919720 0.041316
4.919877 0.041313
4.920626 0.041301
4.921263 0.041290
4.922399 0.041271
4.922513 0.041269
4.922798 0.041264
4.923550 0.041252
4.923949 0.041245
4.924327 0.041239
4.924562 0.041235
4.925584 0.041218
4.926291 0.041206
4.929654 0.041150
4.929838 0.041147
4.930798 0.041131
4.933401 0.041087
4.935387 0.041054
4.936113 0.041042
4.938764 0.040998
4.939056 0.040993
4.943131 0.040926
4.946154 0.040876
4.947498 0.040853
4.948337 0.040840
4.954499 0.040738
4.956071 0.040712
4.956439 0.040706
4.957664 0.040686
4.958068 0.040679
4.960406 0.040641
4.962050 0.040614
4.962118 0.040613
4.962697 0.040604
4.964772 0.040570
4.964851 0.040568
4.968452 0.040510
4.969160 0.040498
4.971172 0.040465
4.973098 0.040434
4.975123 0.040401
4.975218 0.040399
4.975895 0.040388
4.977017 0.040370
4.977994 0.040354
4.981652 0.040295
4.983952 0.040258
4.984393 0.040251
4.985094 0.040240
4.985653 0.040231
4.987492 0.040201
4.989581 0.040167
4.990088 0.040159
4.992277 0.040124
4.993348 0.040107
4.993834 0.040099
4.994008 0.040096
4.994976 0.040080
4.996668 0.040053
4.997002 0.040048
5.000259 0.039996
5.000973 0.039984
5.001203 0.039981
5.001827 0.039971
5.004086 0.039935
5.007016 0.039888
5.009506 0.039848
5.010164 0.039838
5.010805 0.039828
5.010944 0.039825
5.012003 0.039809
5.012134 0.039807
5.013033 0.039792
5.013280 0.039788
5.015013 0.039761
5.016055 0.039744
5.018055 0.039713
5.020705 0.039671
5.021477 0.039659
5.023547 0.039626
5.023968 0.039619
5.024036 0.039618
5.024887 0.039605
5.025114 0.039601
5.027106 0.039570
5.027297 0.039567
5.028298 0.039551
5.028342 0.039550
5.029291 0.039535
5.029585 0.039531
5.029931 0.039525
5.032707 0.039482
5.033552 0.039469
5.033575 0.039468
5.033606 0.039468
5.034257 0.039457
5.034605 0.039452
5.035610 0.039436
5.037532 0.039406
5.038617 0.039389
5.040024 0.039367
5.041454 0.039345
5.042612 0.039327
5.042790 0.039324
5.044410 0.039299
5.044757 0.039293
5.048264 0.039239
5.048273 0.039239
5.052628 0.039171
5.054207 0.039147
5.056427 0.039112
5.061230 0.039038
5.063479 0.039003
5.064364 0.038990
5.065246 0.038976
5.067031 0.038949
5.068609 0.038924
5.071460 0.038881
5.074695 0.038831
5.075478 0.038819
5.076551 0.038803
5.076877 0.038798
5.077395 0.038790
5.078642 0.038771
5.079469 0.038758
5.079940 0.038751
5.080345 0.038745
5.083251 0.038701
5.084671 0.038679
5.087060 0.038643
5.087493 0.038636
5.088374 0.038623
5.090660 0.038588
5.090701 0.038587
5.090964 0.038583
5.091216 0.038580
5.092744 0.038556
5.095133 0.038520
5.095211 0.038519
5.097737 0.038481
5.100959 0.038432
5.101323 0.038427
5.102125 0.038415
5.103193 0.038399
5.103411 0.038395
5.104075 0.038385
5.104169 0.038384
5.104456 0.038380
5.105842 0.038359
5.106196 0.038354
5.106748 0.038345
5.107859 0.038329
5.111988 0.038267
5.113069 0.038250
5.115412 0.038215
5.115756 0.038210
5.117156 0.038189
5.118563 0.038168
5.119106 0.038160
5.119267 0.038158
5.120104 0.038145
5.121432 0.038126
5.123129 0.038100
5.126700 0.038047
5.127367 0.038037
5.133141 0.037952
5.133594 0.037945
5.134470 0.037932
5.135515 0.037917
5.138209 0.037877
5.138627 0.037871
5.139272 0.037861
5.140516 0.037843
5.141682 0.037826
5.141859 0.037823
5.142019 0.037821
5.142536 0.037813
5.143005 0.037806
5.147207 0.037745
5.147720 0.037737
5.152123 0.037673
5.158330 0.037582
5.161807 0.037532
5.163101 0.037513
5.166030 0.037470
5.168505 0.037434
5.175567 0.037332
5.177175 0.037309
5.177821 0.037300
5.178631 0.037288
5.180213 0.037265
5.180401 0.037263
5.184055 0.037210
5.185303 0.037192
5.185742 0.037186
5.186387 0.037177
5.187966 0.037154
5.188736 0.037143
5.189141 0.037137
5.189568 0.037131
5.192387 0.037091
5.192983 0.037082
5.193647 0.037073
5.194878 0.037055
5.195924 0.037040
5.197249 0.037021
5.203426 0.036934
5.203559 0.036932
5.204075 0.036924
5.205416 0.036905
5.206368 0.036892
5.208639 0.036860
5.208776 0.036858
5.209568 0.036847
5.211333 0.036822
5.213851 0.036786
5.215861 0.036758
5.217045 0.036741
5.217194 0.036739
5.217701 0.036732
5.218950 0.036714
5.220915 0.036687
5.221977 0.036672
5.222284 0.036667
5.223250 0.036654
5.223500 0.036650
5.225898 0.036617
5.226306 0.036611
5.226868 0.036603
5.227102 0.036600
5.227862 0.036589
5.230575 0.036551
5.231665 0.036536
5.233969 0.036504
5.235220 0.036486
5.236513 0.036468
5.240878 0.036408
5.241575 0.036398
5.242457 0.036386
5.242460 0.036386
5.242602 0.036384
5.242782 0.036381
5.243945 0.036365
5.245657 0.036341
5.252066 0.036253
5.255117 0.036211
5.255231 0.036209
5.256105 0.036197
5.257214 0.036182
5.259864 0.036145
5.261121 0.036128
5.263596 0.036094
5.264009 0.036088
5.264106 0.036087
5.264817 0.036077
5.265586 0.036067
5.265990 0.036061
5.266550 0.036054
5.272035 0.035979
5.274612 0.035943
5.274833 0.035940
5.276130 0.035923
5.276583 0.035917
5.276768 0.035914
5.278424 0.035891
5.278976 0.035884
5.280886 0.035858
5.280939 0.035857
5.282217 0.035840
5.283079 0.035828
5.289246 0.035745
5.291337 0.035717
5.291366 0.035716
5.291951 0.035708
5.293464 0.035688
5.294728 0.035671
5.296613 0.035645
5.296694 0.035644
5.297263 0.035637
5.298158 0.035625
5.298976 0.035614
5.299851 0.035602
5.300039 0.035599
5.300111 0.035598
5.302774 0.035563
5.302966 0.035560
5.303361 0.035555
5.306674 0.035510
5.309095 0.035478
5.311862 0.035441
5.313538 0.035419
5.313602 0.035418
5.316186 0.035383
5.316339 0.035381
5.317603 0.035365
5.319199 0.035343
5.322412 0.035301
5.323273 0.035289
5.323637 0.035284
5.327129 0.035238
5.328036 0.035226
5.329391 0.035208
5.329731 0.035204
5.331353 0.035182
5.332293 0.035170
5.332518 0.035167
5.335242 0.035131
5.335828 0.035123
5.337615 0.035100
5.340776 0.035058
5.340868 0.035057
5.342566 0.035035
5.347279 0.034973
5.347527 0.034970
5.348167 0.034962
5.348651 0.034955
5.348713 0.034954
5.350177 0.034935
5.350911 0.034926
5.352946 0.034899
5.353160 0.034896
5.354331 0.034881
5.354562 0.034878
5.354598 0.034878
5.354870 0.034874
5.356046 0.034859
5.356090 0.034858
5.356311 0.034855
5.357911 0.034834
5.358747 0.034824
5.358842 0.034822
5.359912 0.034808
5.362861 0.034770
5.365054 0.034742
5.366328 0.034725
5.367734 0.034707
5.368810 0.034693
5.369317 0.034687
5.371940 0.034653
5.374841 0.034615
5.377204 0.034585
5.377583 0.034580
5.378633 0.034567
5.379464 0.034556
5.382208 0.034521
5.384672 0.034489
5.385579 0.034477
5.386605 0.034464
5.387182 0.034457
5.387568 0.034452
5.394498 0.034364
5.397057 0.034331
5.398035 0.034319
5.398874 0.034308
5.399251 0.034303
5.399310 0.034302
5.400897 0.034282
5.401233 0.034278
5.401601 0.034273
5.402209 0.034266
5.404624 0.034235
5.410362 0.034162
5.411078 0.034153
5.411100 0.034153
5.413256 0.034126
5.416041 0.034091
5.417385 0.034074
5.419391 0.034049
5.421699 0.034020
5.422310 0.034012
5.422321 0.034012
5.425924 0.033967
5.428290 0.033937
5.429881 0.033917
5.430269 0.033912
5.433049 0.033878
5.434185 0.033863
5.438660 0.033808
5.439558 0.033797
5.439814 0.033793
5.441635 0.033771
5.444283 0.033738
5.448172 0.033690
5.448370 0.033687
5.450681 0.033659
5.453375 0.033626
5.454299 0.033614
5.456208 0.033591
5.462250 0.033516
5.462288 0.033516
5.464662 0.033487
5.468275 0.033443
5.471050 0.033409
5.473396 0.033380
5.478656 0.033316
5.480298 0.033296
5.480598 0.033292
5.483595 0.033256
5.483953 0.033252
5.484394 0.033246
5.484550 0.033244
5.489111 0.033189
5.490567 0.033172
5.493720 0.033133
5.494626 0.033123
5.498348 0.033078
5.500147 0.033056
5.500314 0.033054
5.500679 0.033050
5.501406 0.033041
5.502809 0.033024
5.504537 0.033003
5.505850 0.032988
5.506227 0.032983
5.506325 0.032982
5.509475 0.032944
5.510658 0.032930
5.511038 0.032926
5.512389 0.032909
5.513209 0.032900
5.515683 0.032870
5.515772 0.032869
5.516432 0.032861
5.518303 0.032839
5.518584 0.032836
5.519215 0.032828
5.519465 0.032825
5.520074 0.032818
5.520370 0.032814
5.520424 0.032814
5.520872 0.032808
5.521977 0.032795
5.522353 0.032791
5.522438 0.032790
5.522608 0.032788
5.523556 0.032776
5.525134 0.032758
5.525572 0.032753
5.526945 0.032736
5.528262 0.032721
5.531141 0.032687
5.533552 0.032658
5.535254 0.032638
5.540180 0.032580
5.540866 0.032572
5.541914 0.032560
5.543275 0.032544
5.546030 0.032511
5.547378 0.032496
5.549050 0.032476
5.549752 0.032468
5.550031 0.032465
5.558647 0.032364
5.564208 0.032299
5.566455 0.032273
5.567092 0.032266
5.568426 0.032250
5.568897 0.032245
5.570037 0.032232
5.573308 0.032194
5.573848 0.032188
5.577143 0.032150
5.579140 0.032127
5.583316 0.032079
5.583349 0.032078
5.584410 0.032066
5.585320 0.032056
5.586019 0.032048
5.588961 0.032014
5.589329 0.032010
5.589513 0.032008
5.592616 0.031972
5.592829 0.031970
5.597159 0.031920
5.600821 0.031878
5.602288 0.031862
5.608056 0.031796
5.608135 0.031795
5.608528 0.031791
5.608727 0.031789
5.609337 0.031782
5.613019 0.031740
5.618372 0.031680
5.620373 0.031657
5.621560 0.031644
5.623905 0.031617
5.624032 0.031616
5.624436 0.031611
5.625956 0.031594
5.628859 0.031562
5.629452 0.031555
5.630281 0.031546
5.633036 0.031515
5.633050 0.031515
5.636266 0.031479
5.637661 0.031463
5.638998 0.031448
5.639141 0.031447
5.643256 0.031401
5.644531 0.031387
5.644745 0.031384
5.645041 0.031381
5.645364 0.031377
5.645663 0.031374
5.646102 0.031369
5.646599 0.031364
5.647546 0.031353
5.648543 0.031342
5.648915 0.031338
5.648948 0.031338
5.649639 0.031330
5.650105 0.031325
5.650984 0.031315
5.651000 0.031315
5.651056 0.031314
5.653762 0.031284
5.654220 0.031279
5.659191 0.031224
5.661049 0.031204
5.661199 0.031202
5.661247 0.031202
5.661472 0.031199
5.663649 0.031175
5.667709 0.031130
5.668408 0.031123
5.669323 0.031113
5.669685 0.031109
5.670054 0.031105
5.670327 0.031102
5.671903 0.031084
5.672966 0.031073
5.673420 0.031068
5.676549 0.031034
5.677344 0.031025
5.677624 0.031022
5.683123 0.030962
5.685588 0.030935
5.686596 0.030924
5.686891 0.030921
5.686924 0.030920
5.687652 0.030912
5.687812 0.030911
5.688152 0.030907
5.689652 0.030891
5.690474 0.030882
5.693541 0.030849
5.694481 0.030838
5.696288 0.030819
5.698740 0.030792
5.699050 0.030789
5.699060 0.030789
5.699563 0.030783
5.700231 0.030776
5.700391 0.030774
5.700779 0.030770
5.703504 0.030741
5.705134 0.030723
5.706862 0.030705
5.708983 0.030682
5.709718 0.030674
5.715458 0.030612
5.717560 0.030590
5.717604 0.030589
5.720695 0.030556
5.727071 0.030488
5.728454 0.030474
5.728603 0.030472
5.732479 0.030431
5.739226 0.030359
5.741703 0.030333
5.741746 0.030333
5.743514 0.030314
5.744254 0.030306
5.745473 0.030293
5.747267 0.030275
5.747514 0.030272
5.750640 0.030239
5.758085 0.030161
5.758778 0.030154
5.761077 0.030130
5.761312 0.030127
5.763251 0.030107
5.763478 0.030104
5.764837 0.030090
5.765857 0.030080
5.766010 0.030078
5.767187 0.030066
5.767531 0.030062
5.767880 0.030059
5.770095 0.030035
5.773157 0.030004
5.773690 0.029998
5.778078 0.029953
5.778387 0.029949
5.778783 0.029945
5.778911 0.029944
5.780610 0.029926
5.781399 0.029918
5.781540 0.029917
5.782019 0.029912
5.782245 0.029909
5.782531 0.029906
5.783144 0.029900
5.783498 0.029896
5.786441 0.029866
5.787294 0.029857
5.787365 0.029856
5.787424 0.029856
5.789221 0.029837
5.789478 0.029835
5.790794 0.029821
5.791266 0.029816
5.791928 0.029809
5.794370 0.029784
5.796351 0.029764
5.796927 0.029758
5.797049 0.029757
5.797656 0.029751
5.800001 0.029727
5.803448 0.029691
5.805875 0.029666
5.806360 0.029661
5.807594 0.029649
5.809174 0.029633
5.811800 0.029606
5.812485 0.029599
5.816201 0.029561
5.819987 0.029523
5.821125 0.029511
5.821601 0.029506
5.822000 0.029502
5.822305 0.029499
5.826098 0.029461
5.827002 0.029452
5.827777 0.029444
5.828272 0.029439
5.828576 0.029436
5.830441 0.029417
5.833371 0.029387
5.837930 0.029341
5.838165 0.029339
5.838418 0.029337
5.838728 0.029333
5.840181 0.029319
5.840475 0.029316
5.840798 0.029313
5.842444 0.029296
5.843739 0.029283
5.845113 0.029269
5.845412 0.029266
5.845739 0.029263
5.845860 0.029262
5.847834 0.029242
5.849758 0.029223
5.849894 0.029222
5.850877 0.029212
5.853204 0.029189
5.854038 0.029180
5.860054 0.029120
5.861702 0.029104
5.861801 0.029103
5.861910 0.029102
5.864460 0.029077
5.864604 0.029075
5.864950 0.029072
5.865501 0.029066
5.868289 0.029039
5.873267 0.028989
5.873450 0.028988
5.873776 0.028984
5.876172 0.028961
5.878060 0.028942
5.878187 0.028941
5.880593 0.028917
5.881178 0.028912
5.882556 0.028898
5.883106 0.028893
5.883507 0.028889
5.884492 0.028879
5.887348 0.028851
5.888512 0.028840
5.889949 0.028826
5.890154 0.028823
5.890263 0.028822
5.891674 0.028809
5.892538 0.028800
5.895934 0.028767
5.896617 0.028760
5.900567 0.028722
5.901445 0.028713
5.905913 0.028670
5.906454 0.028665
5.907986 0.028650
5.908796 0.028642
5.909180 0.028638
5.910017 0.028630
5.910378 0.028627
5.910431 0.028626
5.910445 0.028626
5.910940 0.028621
5.911054 0.028620
5.911922 0.028612
5.912572 0.028605
5.914396 0.028588
5.914802 0.028584
5.917317 0.028559
5.917393 0.028559
5.918695 0.028546
5.919519 0.028538
5.919810 0.028535
5.921151 0.028523
5.923569 0.028499
5.924575 0.028490
5.924787 0.028488
5.925129 0.028484
5.925847 0.028477
5.927883 0.028458
5.932729 0.028411
5.933789 0.028401
5.933969 0.028399
5.934878 0.028391
5.935116 0.028388
5.936307 0.028377
5.938183 0.028359
5.939602 0.028346
5.939640 0.028345
5.940834 0.028334
5.945720 0.028287
5.947868 0.028267
5.948742 0.028259
5.951527 0.028232
5.951853 0.028229
5.952215 0.028226
5.954304 0.028206
5.955322 0.028196
5.958726 0.028164
5.961007 0.028142
5.964447 0.028110
5.964451 0.028110
5.966697 0.028089
5.967049 0.028085
5.967464 0.028082
5.968547 0.028071
5.968766 0.028069
5.969569 0.028062
5.971417 0.028044
5.972086 0.028038
5.972519 0.028034
5.972801 0.028031
5.973059 0.028029
5.974975 0.028011
5.975088 0.028010
5.977984 0.027983
5.979437 0.027969
5.982345 0.027942
5.984596 0.027921
5.986019 0.027908
5.987076 0.027898
5.989547 0.027875
5.990223 0.027869
5.991413 0.027857
5.991648 0.027855
5.995084 0.027823
5.996030 0.027815
5.998127 0.027795
6.000660 0.027772
6.000839 0.027770
6.003045 0.027750
6.005507 0.027727
6.008208 0.027702
6.015259 0.027637
6.016359 0.027627
6.017152 0.027620
6.021856 0.027577
6.022489 0.027571
6.022712 0.027569
6.023945 0.027557
6.024483 0.027552
6.024820 0.027549
6.026246 0.027536
6.026292 0.027536
6.029568 0.027506
6.030062 0.027502
6.030523 0.027497
6.035579 0.027451
6.037158 0.027437
6.037556 0.027433
6.039417 0.027416
6.040402 0.027407
6.045467 0.027362
6.046553 0.027352
6.050381 0.027317
6.053887 0.027285
6.054208 0.027283
6.054836 0.027277
6.055686 0.027269
6.057502 0.027253
6.057813 0.027250
6.060378 0.027227
6.060571 0.027225
6.060817 0.027223
6.061654 0.027216
6.062394 0.027209
6.064290 0.027192
6.064653 0.027189
6.065207 0.027184
6.065299 0.027183
6.066865 0.027169
6.067187 0.027166
6.071102 0.027131
6.075649 0.027090
6.075843 0.027089
6.075950 0.027088
6.078549 0.027065
6.079228 0.027058
6.081772 0.027036
6.082129 0.027033
6.082193 0.027032
6.084603 0.027011
6.085074 0.027006
6.085507 0.027003
6.088496 0.026976
6.088974 0.026972
6.091947 0.026946
6.093865 0.026929
6.094956 0.026919
6.096130 0.026909
6.096350 0.026907
6.099013 0.026883
6.102121 0.026856
6.102859 0.026849
6.106862 0.026814
6.107179 0.026811
6.107865 0.026805
6.108852 0.026797
6.110492 0.026782
6.111178 0.026776
6.112860 0.026762
6.113895 0.026752
6.115813 0.026736
6.116232 0.026732
6.119377 0.026705
6.119783 0.026701
6.120581 0.026694
6.120926 0.026691
6.121625 0.026685
6.123084 0.026672
6.123477 0.026669
6.123671 0.026667
6.127786 0.026631
6.128996 0.026621
6.129740 0.026614
6.132349 0.026592
6.132571 0.026590
6.133995 0.026577
6.134616 0.026572
6.134619 0.026572
6.138479 0.026539
6.142488 0.026504
6.142546 0.026503
6.142689 0.026502
6.144730 0.026485
6.147176 0.026464
6.147579 0.026460
6.148323 0.026454
6.148682 0.026451
6.149091 0.026447
6.149601 0.026443
6.150001 0.026439
6.153270 0.026411
6.153296 0.026411
6.154893 0.026397
6.155023 0.026396
6.157789 0.026372
6.157887 0.026372
6.165107 0.026310
6.165317 0.026308
6.165965 0.026303
6.168680 0.026279
6.170247 0.026266
6.170749 0.026262
6.171101 0.026259
6.171314 0.026257
6.171777 0.026253
6.171852 0.026252
6.174053 0.026234
6.180822 0.026176
6.181574 0.026170
6.182198 0.026165
6.182245 0.026164
6.183695 0.026152
6.184106 0.026148
6.185206 0.026139
6.186665 0.026127
6.188209 0.026114
6.190193 0.026097
6.194157 0.026064
6.196271 0.026046
6.196965 0.026040
6.197022 0.026040
6.198061 0.026031
6.198881 0.026024
6.199077 0.026022
6.201795 0.026000
6.202244 0.025996
6.203755 0.025983
6.204050 0.025981
6.204569 0.025976
6.206673 0.025959
6.208472 0.025944
6.209880 0.025932
6.210466 0.025927
6.213376 0.025903
6.214643 0.025892
6.217827 0.025866
6.218235 0.025862
6.218682 0.025859
6.219148 0.025855
6.221971 0.025831
6.222092 0.025830
6.222232 0.025829
6.223880 0.025815
6.226935 0.025790
6.227032 0.025789
6.229631 0.025768
6.231585 0.025752
6.232545 0.025744
6.232595 0.025743
6.233524 0.025736
6.233935 0.025732
6.234086 0.025731
6.234728 0.025726
6.235159 0.025722
6.236260 0.025713
6.236613 0.025710
6.236936 0.025707
6.240858 0.025675
6.240900 0.025675
6.241557 0.025669
6.241995 0.025666
6.243444 0.025654
6.246143 0.025632
6.246294 0.025630
6.246355 0.025630
6.248238 0.025614
6.249966 0.025600
6.251969 0.025584
6.253323 0.025573
6.253830 0.025569
6.256960 0.025543
6.258108 0.025534
6.259218 0.025525
6.261116 0.025509
6.262695 0.025496
6.263924 0.025486
6.264486 0.025482
6.265919 0.025470
6.268189 0.025452
6.269971 0.025437
6.270283 0.025435
6.270676 0.025431
6.271645 0.025424
6.276917 0.025381
6.278470 0.025368
6.280621 0.025351
6.281416 0.025345
6.281965 0.025340
6.285615 0.025311
6.285808 0.025309
6.290437 0.025272
6.292388 0.025256
6.292511 0.025255
6.292535 0.025255
6.292686 0.025254
6.293052 0.025251
6.296698 0.025222
6.298630 0.025206
6.299786 0.025197
6.299818 0.025197
6.303303 0.025169
6.304463 0.025160
6.305508 0.025151
6.306431 0.025144
6.306580 0.025143
6.306713 0.025142
6.307741 0.025133
6.308205 0.025130
6.312574 0.025095
6.318434 0.025048
6.319477 0.025040
6.320174 0.025035
6.322483 0.025016
6.323448 0.025009
6.323983 0.025005
6.326063 0.024988
6.327829 0.024974
6.329513 0.024961
6.333714 0.024928
6.334340 0.024923
6.335116 0.024917
6.335918 0.024910
6.337289 0.024900
6.338915 0.024887
6.339490 0.024882
6.343665 0.024850
6.345837 0.024833
6.348367 0.024813
6.351433 0.024789
6.352504 0.024781
6.353208 0.024775
6.355262 0.024759
6.355670 0.024756
6.355999 0.024753
6.356303 0.024751
6.362400 0.024703
6.364470 0.024687
6.372473 0.024625
6.376315 0.024596
6.377893 0.024584
6.379228 0.024573
6.379960 0.024568
6.381717 0.024554
6.381880 0.024553
6.384769 0.024531
6.386761 0.024515
6.388342 0.024503
6.391351 0.024480
6.392001 0.024475
6.394221 0.024458
6.395987 0.024445
6.402064 0.024398
6.405176 0.024375
6.405693 0.024371
6.406092 0.024368
6.409873 0.024339
6.411251 0.024328
6.415191 0.024299
6.417292 0.024283
6.419293 0.024268
6.426556 0.024213
6.426715 0.024212
6.427971 0.024202
6.429967 0.024187
6.431067 0.024179
6.431684 0.024174
6.432146 0.024171
6.432781 0.024166
6.433415 0.024161
6.434086 0.024156
6.434150 0.024156
6.434744 0.024151
6.435459 0.024146
6.441205 0.024103
6.441685 0.024099
6.442904 0.024090
6.443608 0.024085
6.443963 0.024082
6.444326 0.024079
6.444456 0.024078
6.446386 0.024064
6.448234 0.024050
6.449388 0.024042
6.449551 0.024040
6.451234 0.024028
6.453449 0.024011
6.454856 0.024001
6.455049 0.023999
6.455553 0.023996
6.456239 0.023991
6.457385 0.023982
6.457424 0.023982
6.457451 0.023982
6.457709 0.023980
6.458640 0.023973
6.458675 0.023972
6.461432 0.023952
6.462072 0.023947
6.462706 0.023943
6.463927 0.023934
6.464525 0.023929
6.464661 0.023928
6.465135 0.023925
6.467808 0.023905
6.469145 0.023895
6.473796 0.023861
6.475108 0.023851
6.476307 0.023842
6.476917 0.023838
6.477949 0.023830
6.478420 0.023827
6.482069 0.023800
6.482801 0.023794
6.483718 0.023788
6.485080 0.023778
6.486059 0.023770
6.486114 0.023770
6.486571 0.023767
6.489084 0.023748
6.489450 0.023746
6.491399 0.023731
6.491824 0.023728
6.492675 0.023722
6.493302 0.023717
6.494472 0.023709
6.496946 0.023691
6.497920 0.023684
6.502239 0.023652
6.503175 0.023646
6.504026 0.023639
6.505136 0.023631
6.507333 0.023615
6.510654 0.023591
6.511497 0.023585
6.513997 0.023567
6.516515 0.023549
6.516875 0.023546
6.518235 0.023536
6.519777 0.023525
6.520256 0.023522
6.520612 0.023519
6.520767 0.023518
6.521861 0.023510
6.523169 0.023501
6.527266 0.023471
6.527347 0.023471
6.527603 0.023469
6.528411 0.023463
6.530078 0.023451
6.532559 0.023433
6.533180 0.023429
6.533886 0.023424
6.534993 0.023416
6.535179 0.023415
6.536544 0.023405
6.536570 0.023405
6.537779 0.023396
6.538878 0.023388
6.542325 0.023363
6.543587 0.023354
6.544834 0.023345
6.546595 0.023333
6.549610 0.023311
6.551023 0.023301
6.552614 0.023290
6.552933 0.023288
6.555985 0.023266
6.556022 0.023266
6.559300 0.023243
6.560646 0.023233
6.563236 0.023215
6.563651 0.023212
6.564713 0.023204
6.568885 0.023175
6.569573 0.023170
6.570025 0.023167
6.570807 0.023161
6.574687 0.023134
6.578139 0.023110
6.578960 0.023104
6.579347 0.023101
6.585504 0.023058
6.585564 0.023058
6.588642 0.023036
6.589637 0.023029
6.590147 0.023026
6.590553 0.023023
6.592973 0.023006
6.594654 0.022994
6.595059 0.022991
6.595261 0.022990
6.596441 0.022982
6.597498 0.022974
6.599590 0.022960
6.599593 0.022960
6.599623 0.022959
6.600257 0.022955
6.601253 0.022948
6.601310 0.022948
6.601475 0.022947
6.602263 0.022941
6.606925 0.022909
6.607319 0.022906
6.610507 0.022884
6.610593 0.022883
6.610895 0.022881
6.613021 0.022867
6.615560 0.022849
6.615933 0.022846
6.616125 0.022845
6.616769 0.022841
6.620505 0.022815
6.620650 0.022814
6.620975 0.022812
6.622704 0.022800
6.623806 0.022792
6.623892 0.022792
6.625253 0.022782
6.625597 0.022780
6.628299 0.022761
6.628878 0.022757
6.632708 0.022731
6.633092 0.022728
6.635192 0.022714
6.635687 0.022711
6.639647 0.022684
6.643492 0.022657
6.647678 0.022629
6.648605 0.022622
6.648825 0.022621
6.651657 0.022602
6.653765 0.022587
6.656023 0.022572
6.656378 0.022570
6.657025 0.022565
6.657167 0.022564
6.658413 0.022556
6.658924 0.022552
6.662960 0.022525
6.664007 0.022518
6.671229 0.022469
6.671490 0.022467
6.674112 0.022450
6.677830 0.022425
6.679043 0.022417
6.681015 0.022403
6.684621 0.022379
6.687129 0.022363
6.687217 0.022362
6.687934 0.022357
6.688391 0.022354
6.688435 0.022354
6.688459 0.022354
6.690915 0.022337
6.691468 0.022334
6.692048 0.022330
6.693334 0.022321
6.694020 0.022316
6.694511 0.022313
6.695196 0.022309
6.695234 0.022308
6.697899 0.022291
6.698361 0.022288
6.700741 0.022272
6.701417 0.022267
6.701598 0.022266
6.702315 0.022261
6.702695 0.022259
6.703823 0.022251
6.705305 0.022241
6.706020 0.022237
6.708588 0.022220
6.708992 0.022217
6.710773 0.022205
6.711255 0.022202
6.712294 0.022195
6.712774 0.022192
6.713345 0.022188
6.713723 0.022186
6.713982 0.022184
6.714387 0.022181
6.715182 0.022176
6.716417 0.022168
6.721660 0.022133
6.721973 0.022131
6.727380 0.022096
6.727643 0.022094
6.729901 0.022079
6.732240 0.022064
6.734418 0.022050
6.735709 0.022041
6.736609 0.022035
6.739433 0.022017
6.739812 0.022014
6.742849 0.021994
6.743967 0.021987
6.745090 0.021980
6.745842 0.021975
6.747365 0.021965
6.748098 0.021960
6.750749 0.021943
6.751862 0.021936
6.752326 0.021933
6.755440 0.021913
6.755987 0.021909
6.757179 0.021901
6.758589 0.021892
6.760141 0.021882
6.762273 0.021868
6.763165 0.021863
6.763703 0.021859
6.763867 0.021858
6.764649 0.021853
6.764750 0.021852
6.765163 0.021850
6.765991 0.021844
6.766648 0.021840
6.766979 0.021838
6.767917 0.021832
6.770036 0.021818
6.770449 0.021815
6.771633 0.021808
6.772142 0.021805
6.772501 0.021802
6.772825 0.021800
6.774124 0.021792
6.776055 0.021779
6.777821 0.021768
6.778783 0.021762
6.778908 0.021761
6.779387 0.021758
6.779992 0.021754
6.781662 0.021743
6.781689 0.021743
6.783120 0.021734
6.784524 0.021725
6.785066 0.021722
6.785080 0.021722
6.785708 0.021717
6.786248 0.021714
6.789343 0.021694
6.789908 0.021691
6.790187 0.021689
6.791832 0.021678
6.793217 0.021670
6.797491 0.021642
6.799038 0.021632
6.800269 0.021625
6.800293 0.021624
6.801246 0.021618
6.801511 0.021617
6.803757 0.021602
6.803869 0.021602
6.804618 0.021597
6.807177 0.021581
6.807261 0.021580
6.808590 0.021572
6.812062 0.021550
6.813755 0.021539
6.815230 0.021530
6.815829 0.021526
6.818111 0.021512
6.818501 0.021509
6.820480 0.021497
6.820684 0.021495
6.822242 0.021486
6.822659 0.021483
6.823564 0.021477
6.826494 0.021459
6.826502 0.021459
6.830741 0.021432
6.832651 0.021420
6.832817 0.021419
6.833616 0.021414
6.834471 0.021409
6.836275 0.021397
6.837234 0.021391
6.839386 0.021378
6.840955 0.021368
6.842207 0.021360
6.843480 0.021352
6.848991 0.021318
6.849032 0.021318
6.850519 0.021309
6.853021 0.021293
6.853235 0.021292
6.853846 0.021288
6.855711 0.021276
6.855908 0.021275
6.859228 0.021254
6.859700 0.021252
6.861914 0.021238
6.862311 0.021235
6.863302 0.021229
6.865636 0.021215
6.865794 0.021214
6.868024 0.021200
6.868496 0.021197
6.869779 0.021189
6.870528 0.021185
6.870752 0.021183
6.871042 0.021181
6.871289 0.021180
6.871919 0.021176
6.872228 0.021174
6.872489 0.021172
6.872819 0.021170
6.875320 0.021155
6.876364 0.021149
6.876809 0.021146
6.877402 0.021142
6.878167 0.021138
6.881647 0.021116
6.881764 0.021115
6.881780 0.021115
6.881792 0.021115
6.883580 0.021104
6.883923 0.021102
6.885282 0.021094
6.887369 0.021081
6.888641 0.021073
6.890676 0.021061
6.897890 0.021017
6.897947 0.021016
6.897951 0.021016
6.898302 0.021014
6.905090 0.020973
6.905180 0.020972
6.905717 0.020969
6.905828 0.020969
6.906566 0.020964
6.911371 0.020935
6.915025 0.020913
6.923715 0.020860
6.923772 0.020860
6.925487 0.020850
6.929286 0.020827
6.931584 0.020813
6.932817 0.020806
6.933790 0.020800
6.933875 0.020799
6.935396 0.020790
6.936267 0.020785
6.938522 0.020771
6.939705 0.020764
6.939915 0.020763
6.944935 0.020733
6.945318 0.020731
6.947574 0.020717
6.951032 0.020697
6.953616 0.020681
6.955521 0.020670
6.958215 0.020654
6.958648 0.020651
6.958675 0.020651
6.959521 0.020646
6.963343 0.020624
6.963898 0.020620
6.964501 0.020617
6.971493 0.020575
6.975194 0.020554
6.978043 0.020537
6.978143 0.020536
6.979699 0.020527
6.981841 0.020514
6.983788 0.020503
6.985056 0.020496
6.989741 0.020468
6.990898 0.020461
6.995072 0.020437
6.995124 0.020437
6.998124 0.020419
6.999881 0.020409
7.000199 0.020407
7.000203 0.020407
7.000527 0.020405
7.000718 0.020404
7.000966 0.020403
7.003018 0.020391
7.003032 0.020390
7.003727 0.020386
7.004657 0.020381
7.005172 0.020378
7.005713 0.020375
7.007036 0.020367
7.007753 0.020363
7.008487 0.020359
7.009008 0.020356
7.014061 0.020326
7.016217 0.020314
7.017405 0.020307
7.017968 0.020304
7.020214 0.020291
7.020692 0.020288
7.021714 0.020282
7.026081 0.020257
7.026430 0.020255
7.027083 0.020251
7.029374 0.020238
7.030668 0.020231
7.031331 0.020227
7.033079 0.020217
7.035592 0.020202
7.038416 0.020186
7.040316 0.020175
7.042961 0.020160
7.044385 0.020152
7.045028 0.020148
7.045453 0.020146
7.045632 0.020145
7.046310 0.020141
7.047451 0.020134
7.047546 0.020134
7.047666 0.020133
7.049096 0.020125
7.049937 0.020120
7.051125 0.020113
7.051431 0.020112
7.052369 0.020106
7.052408 0.020106
7.055111 0.020091
7.057006 0.020080
7.057902 0.020075
7.057910 0.020075
7.058867 0.020069
7.059131 0.020068
7.062733 0.020047
7.063278 0.020044
7.063614 0.020042
7.066236 0.020027
7.067856 0.020018
7.069766 0.020007
7.071143 0.020000
7.071330 0.019999
7.071781 0.019996
7.071810 0.019996
7.074984 0.019978
7.078909 0.019956
7.081770 0.019940
7.082087 0.019938
7.083107 0.019932
7.084057 0.019927
7.086613 0.019912
7.087901 0.019905
7.088898 0.019900
7.090286 0.019892
7.093985 0.019871
7.095948 0.019860
7.099808 0.019838
7.101437 0.019829
7.102092 0.019826
7.103534 0.019818
7.105248 0.019808
7.105752 0.019805
7.107441 0.019796
7.109550 0.019784
7.110612 0.019778
7.113134 0.019764
7.114290 0.019758
7.116128 0.019748
7.119776 0.019727
7.122282 0.019713
7.122709 0.019711
7.123726 0.019705
7.124054 0.019704
7.126843 0.019688
7.127509 0.019685
7.127909 0.019682
7.128684 0.019678
7.129427 0.019674
7.130641 0.019667
7.131964 0.019660
7.135504 0.019640
7.138117 0.019626
7.138598 0.019623
7.138973 0.019621
7.145399 0.019586
7.147026 0.019577
7.148848 0.019567
7.149901 0.019561
7.150040 0.019561
7.150328 0.019559
7.150686 0.019557
7.152939 0.019545
7.153041 0.019544
7.161565 0.019498
7.161592 0.019498
7.162785 0.019491
7.163412 0.019488
7.165215 0.019478
7.167291 0.019467
7.169220 0.019456
7.170283 0.019450
7.171757 0.019442
7.171958 0.019441
7.172499 0.019438
7.172899 0.019436
7.174005 0.019430
7.174170 0.019429
7.174651 0.019427
7.175635 0.019421
7.176045 0.019419
7.177047 0.019414
7.181807 0.019388
7.183029 0.019381
7.185658 0.019367
7.186813 0.019361
7.189607 0.019346
7.189926 0.019344
7.190663 0.019340
7.192238 0.019332
7.193226 0.019326
7.193627 0.019324
7.194180 0.019321
7.194304 0.019321
7.194395 0.019320
7.195361 0.019315
7.196060 0.019311
7.196614 0.019308
7.198454 0.019298
7.203496 0.019271
7.205055 0.019263
7.207368 0.019251
7.208534 0.019244
7.211913 0.019226
7.215551 0.019207
7.217344 0.019198
7.218354 0.019192
7.223359 0.019166
7.225797 0.019153
7.228133 0.019140
7.231494 0.019122
7.231942 0.019120
7.232254 0.019118
7.233104 0.019114
7.235801 0.019100
7.237977 0.019088
7.238962 0.019083
7.240056 0.019077
7.242978 0.019062
7.243492 0.019059
7.243683 0.019058
7.243733 0.019058
7.244755 0.019053
7.247422 0.019039
7.248316 0.019034
7.248501 0.019033
7.249122 0.019030
7.249696 0.019027
7.250224 0.019024
7.251461 0.019017
7.252584 0.019011
7.253298 0.019008
7.255553 0.018996
7.257119 0.018988
7.258877 0.018978
7.261219 0.018966
7.262767 0.018958
7.266985 0.018936
7.267354 0.018934
7.270465 0.018918
7.270909 0.018916
7.272283 0.018909
7.274176 0.018899
7.275354 0.018893
7.275589 0.018891
7.278021 0.018879
7.280993 0.018863
7.283551 0.018850
7.287128 0.018832
7.287854 0.018828
7.288062 0.018827
7.290413 0.018815
7.291133 0.018811
7.292584 0.018803
7.295708 0.018787
7.296171 0.018785
7.298009 0.018775
7.299511 0.018768
7.302368 0.018753
7.302861 0.018751
7.303320 0.018748
7.303343 0.018748
7.304732 0.018741
7.305534 0.018737
7.308024 0.018724
7.308495 0.018722
7.311533 0.018706
7.313701 0.018695
7.314080 0.018693
7.316257 0.018682
7.316295 0.018682
7.321335 0.018656
7.321477 0.018655
7.322997 0.018648
7.323574 0.018645
7.324451 0.018640
7.326102 0.018632
7.326326 0.018631
7.326680 0.018629
7.327098 0.018627
7.330256 0.018611
7.331173 0.018606
7.334641 0.018588
7.335431 0.018584
7.335537 0.018584
7.336398 0.018580
7.337268 0.018575
7.337656 0.018573
7.338277 0.018570
7.338965 0.018567
7.340141 0.018561
7.340537 0.018559
7.340592 0.018558
7.340982 0.018556
7.342503 0.018549
7.342578 0.018548
7.343100 0.018546
7.345423 0.018534
7.345723 0.018532
7.346234 0.018530
7.346264 0.018530
7.347483 0.018523
7.347622 0.018523
7.348041 0.018521
7.351511 0.018503
7.353849 0.018491
7.355169 0.018485
7.359362 0.018464
7.361128 0.018455
7.361821 0.018451
7.362970 0.018446
7.363579 0.018443
7.365523 0.018433
7.366488 0.018428
7.367088 0.018425
7.367280 0.018424
7.369305 0.018414
7.370893 0.018406
7.371286 0.018404
7.372169 0.018400
7.372703 0.018397
7.373870 0.018391
7.374324 0.018389
7.376141 0.018380
7.376813 0.018376
7.377095 0.018375
7.377200 0.018375
7.380093 0.018360
7.380225 0.018359
7.380746 0.018357
7.384430 0.018339
7.384545 0.018338
7.385416 0.018334
7.386277 0.018329
7.387272 0.018324
7.388126 0.018320
7.388320 0.018319
7.390224 0.018310
7.391303 0.018305
7.393348 0.018294
7.395756 0.018282
7.396738 0.018278
7.398958 0.018267
7.399416 0.018264
7.400420 0.018259
7.403521 0.018244
7.403649 0.018244
7.407239 0.018226
7.407658 0.018224
7.407909 0.018223
7.409305 0.018216
7.409355 0.018215
7.410211 0.018211
7.410822 0.018208
7.411153 0.018207
7.413863 0.018193
7.414216 0.018192
7.416810 0.018179
7.419014 0.018168
7.419124 0.018167
7.423188 0.018148
7.424318 0.018142
7.425156 0.018138
7.431951 0.018105
7.434234 0.018094
7.440271 0.018064
7.442889 0.018052
7.443188 0.018050
7.443562 0.018048
7.443587 0.018048
7.445544 0.018039
7.445662 0.018038
7.445726 0.018038
7.445964 0.018037
7.447845 0.018028
7.448293 0.018025
7.448296 0.018025
7.448512 0.018024
7.449369 0.018020
7.449701 0.018019
7.455781 0.017989
7.457432 0.017981
7.458884 0.017974
7.459869 0.017970
7.463785 0.017951
7.467200 0.017934
7.470031 0.017921
7.470312 0.017919
7.471328 0.017914
7.471529 0.017914
7.472748 0.017908
7.473425 0.017904
7.473743 0.017903
7.474578 0.017899
7.475130 0.017896
7.476749 0.017889
7.482797 0.017860
7.483634 0.017856
7.484053 0.017854
7.485851 0.017845
7.486449 0.017842
7.487256 0.017838
7.487926 0.017835
7.488412 0.017833
7.491998 0.017816
7.492533 0.017813
7.493689 0.017808
7.494666 0.017803
7.495354 0.017800
7.495610 0.017799
7.497860 0.017788
7.499475 0.017780
7.500900 0.017774
7.504352 0.017757
7.504778 0.017755
7.506378 0.017748
7.507276 0.017743
7.510169 0.017730
7.511208 0.017725
7.512480 0.017719
7.514959 0.017707
7.515434 0.017705
7.515505 0.017705
7.520805 0.017680
7.521457 0.017676
7.522305 0.017673
7.522408 0.017672
7.522448 0.017672
7.522923 0.017670
7.524167 0.017664
7.524335 0.017663
7.524390 0.017663
7.527028 0.017650
7.530377 0.017635
7.533794 0.017619
7.534478 0.017615
7.534525 0.017615
7.535065 0.017613
7.535820 0.017609
7.537310 0.017602
7.537675 0.017601
7.538768 0.017595
7.539540 0.017592
7.539587 0.017592
7.542562 0.017578
7.545461 0.017564
7.547343 0.017555
7.548048 0.017552
7.549455 0.017546
7.549902 0.017544
7.550770 0.017540
7.552190 0.017533
7.553887 0.017525
7.556853 0.017511
7.558035 0.017506
7.560717 0.017493
7.562091 0.017487
7.562181 0.017487
7.562340 0.017486
7.566849 0.017465
7.567269 0.017463
7.567300 0.017463
7.568650 0.017457
7.570774 0.017447
7.570787 0.017447
7.571375 0.017444
7.580280 0.017403
7.581589 0.017397
7.583423 0.017389
7.584454 0.017384
7.584669 0.017383
7.585466 0.017379
7.586526 0.017375
7.590570 0.017356
7.591510 0.017352
7.592217 0.017349
7.592734 0.017346
7.593428 0.017343
7.593724 0.017342
7.596196 0.017330
7.596511 0.017329
7.602522 0.017302
7.603761 0.017296
7.604668 0.017292
7.606598 0.017283
7.607695 0.017278
7.608901 0.017273
7.608929 0.017272
7.610416 0.017266
7.610876 0.017264
7.611102 0.017263
7.611591 0.017260
7.614637 0.017247
7.614973 0.017245
7.616322 0.017239
7.618629 0.017228
7.624874 0.017200
7.625823 0.017196
7.629356 0.017180
7.630014 0.017177
7.632113 0.017168
7.635867 0.017151
7.636133 0.017150
7.636343 0.017149
7.636649 0.017147
7.637840 0.017142
7.638394 0.017139
7.639502 0.017134
7.640105 0.017132
7.643371 0.017117
7.647157 0.017100
7.649391 0.017090
7.650772 0.017084
7.652088 0.017078
7.652209 0.017078
7.652632 0.017076
7.653241 0.017073
7.653858 0.017070
7.654707 0.017066
7.657490 0.017054
7.658074 0.017051
7.658242 0.017051
7.660665 0.017040
7.660690 0.017040
7.663854 0.017026
7.663990 0.017025
7.665293 0.017019
7.667092 0.017011
7.667856 0.017008
7.668268 0.017006
7.668368 0.017006
7.668519 0.017005
7.669780 0.016999
7.672831 0.016986
7.675462 0.016974
7.676640 0.016969
7.678917 0.016959
7.680227 0.016953
7.680417 0.016952
7.680720 0.016951
7.683500 0.016939
7.683774 0.016938
7.683975 0.016937
7.684190 0.016936
7.684755 0.016933
7.685796 0.016929
7.686605 0.016925
7.687214 0.016922
7.688546 0.016917
7.689778 0.016911
7.690188 0.016909
7.692289 0.016900
7.693511 0.016895
7.693706 0.016894
7.694442 0.016891
7.694529 0.016890
7.694537 0.016890
7.698139 0.016874
7.704042 0.016849
7.704340 0.016847
7.705205 0.016843
7.705244 0.016843
7.708475 0.016829
7.711693 0.016815
7.711962 0.016814
7.712828 0.016810
7.714751 0.016802
7.717104 0.016792
7.718000 0.016788
7.718684 0.016785
7.719212 0.016782
7.719736 0.016780
7.720296 0.016778
7.723784 0.016763
7.724908 0.016758
7.725730 0.016754
7.726351 0.016751
7.726638 0.016750
7.730218 0.016735
7.731978 0.016727
7.732426 0.016725
7.733205 0.016722
7.733627 0.016720
7.733969 0.016718
7.734702 0.016715
7.735709 0.016711
7.736821 0.016706
7.738035 0.016701
7.739345 0.016695
7.739960 0.016693
7.742765 0.016680
7.744325 0.016674
7.745478 0.016669
7.747082 0.016662
7.749071 0.016653
7.749270 0.016652
7.749715 0.016651
7.750453 0.016647
7.751309 0.016644
7.752517 0.016639
7.752695 0.016638
7.752939 0.016637
7.760751 0.016603
7.761539 0.016600
7.763091 0.016593
7.765847 0.016581
7.768879 0.016569
7.769489 0.016566
7.771083 0.016559
7.772205 0.016554
7.774541 0.016544
7.775649 0.016540
7.777595 0.016531
7.778702 0.016527
7.779168 0.016525
7.779759 0.016522
7.781822 0.016513
7.781885 0.016513
7.781986 0.016513
7.782291 0.016511
7.782400 0.016511
7.782607 0.016510
7.785044 0.016500
7.785211 0.016499
7.785982 0.016496
7.787240 0.016490
7.789485 0.016481
7.790123 0.016478
7.791651 0.016472
7.792684 0.016467
7.792821 0.016467
7.797529 0.016447
7.798084 0.016445
7.798117 0.016444
7.801261 0.016431
7.802117 0.016428
7.802842 0.016425
7.803533 0.016422
7.804135 0.016419
7.805176 0.016415
7.805325 0.016414
7.805598 0.016413
7.805649 0.016413
7.811213 0.016389
7.811496 0.016388
7.811838 0.016387
7.814329 0.016376
7.815169 0.016373
7.816338 0.016368
7.819818 0.016353
7.820047 0.016352
7.823908 0.016336
7.823946 0.016336
7.826955 0.016324
7.828183 0.016318
7.828240 0.016318
7.829244 0.016314
7.829315 0.016314
7.829585 0.016313
7.832365 0.016301
7.834672 0.016291
7.839581 0.016271
7.840118 0.016269
7.841435 0.016263
7.843484 0.016255
7.843673 0.016254
7.845628 0.016246
7.848267 0.016235
7.849594 0.016230
7.854399 0.016210
7.854953 0.016207
7.855537 0.016205
7.855814 0.016204
7.856355 0.016202
7.858889 0.016191
7.860305 0.016185
7.861716 0.016180
7.862217 0.016177
7.863548 0.016172
7.864900 0.016166
7.866556 0.016160
7.868060 0.016153
7.869099 0.016149
7.871979 0.016137
7.873705 0.016130
7.873856 0.016130
7.874893 0.016125
7.875062 0.016125
7.875392 0.016123
7.876932 0.016117
7.878466 0.016111
7.880370 0.016103
7.880521 0.016102
7.881086 0.016100
7.881379 0.016099
7.881493 0.016098
7.881514 0.016098
7.882028 0.016096
7.882107 0.016096
7.882432 0.016095
7.882495 0.016094
7.884606 0.016086
7.886161 0.016079
7.887720 0.016073
7.888197 0.016071
7.888975 0.016068
7.890746 0.016061
7.890797 0.016060
7.893626 0.016049
7.900086 0.016023
7.901806 0.016016
7.902059 0.016015
7.902987 0.016011
7.904404 0.016005
7.904505 0.016005
7.905167 0.016002
7.906819 0.015995
7.909265 0.015986
7.909817 0.015983
7.912778 0.015971
7.913576 0.015968
7.913840 0.015967
7.914057 0.015966
7.915834 0.015959
7.916046 0.015958
7.918375 0.015949
7.920190 0.015941
7.920448 0.015940
7.920935 0.015938
7.921230 0.015937
7.923572 0.015928
7.924831 0.015923
7.925621 0.015920
7.925823 0.015919
7.926617 0.015916
7.928490 0.015908
7.929198 0.015905
7.930778 0.015899
7.933923 0.015886
7.935065 0.015882
7.935319 0.015881
7.938736 0.015867
7.939298 0.015865
7.940728 0.015859
7.941149 0.015857
7.942974 0.015850
7.943054 0.015850
7.943285 0.015849
7.944902 0.015842
7.951038 0.015818
7.952622 0.015812
7.952632 0.015812
7.953756 0.015807
7.953867 0.015807
7.955810 0.015799
7.964917 0.015763
7.966124 0.015758
7.967172 0.015754
7.967332 0.015753
7.968129 0.015750
7.968879 0.015747
7.969706 0.015744
7.969709 0.015744
7.970381 0.015741
7.970846 0.015740
7.971024 0.015739
7.971482 0.015737
7.971779 0.015736
7.973377 0.015730
7.974150 0.015726
7.975414 0.015721
7.977136 0.015715
7.977782 0.015712
7.978444 0.015710
7.978526 0.015709
7.981467 0.015698
7.984193 0.015687
7.985323 0.015682
7.986960 0.015676
7.987481 0.015674
7.989340 0.015667
7.989573 0.015666
7.990413 0.015663
7.990722 0.015661
7.994948 0.015645
7.997909 0.015633
7.998235 0.015632
7.999276 0.015628
7.999427 0.015627
8.001110 0.015621
8.002942 0.015614
8.005147 0.015605
8.006421 0.015600
8.009819 0.015587
8.011643 0.015580
8.014080 0.015570
8.014370 0.015569
8.019488 0.015549
8.020193 0.015546
8.020342 0.015546
8.021043 0.015543
8.021923 0.015540
8.022090 0.015539
8.025219 0.015527
8.025662 0.015525
8.025705 0.015525
8.027314 0.015519
8.028801 0.015513
8.032693 0.015498
8.032724 0.015498
8.033312 0.015496
8.034150 0.015492
8.034467 0.015491
8.038315 0.015476
8.039068 0.015474
8.040047 0.015470
8.041388 0.015465
8.045317 0.015449
8.046427 0.015445
8.047244 0.015442
8.047819 0.015440
8.047913 0.015440
8.048787 0.015436
8.048872 0.015436
8.050692 0.015429
8.051245 0.015427
8.053446 0.015418
8.054051 0.015416
8.054836 0.015413
8.055224 0.015411
8.055915 0.015409
8.056504 0.015407
8.056517 0.015407
8.060565 0.015391
8.061927 0.015386
8.063263 0.015381
8.064381 0.015377
8.065747 0.015371
8.066020 0.015370
8.066355 0.015369
8.067353 0.015365
8.068109 0.015362
8.070788 0.015352
8.071184 0.015351
8.071759 0.015348
8.072492 0.015346
8.074791 0.015337
8.075312 0.015335
8.077388 0.015327
8.078087 0.015324
8.080578 0.015315
8.080944 0.015314
8.082494 0.015308
8.082504 0.015308
8.084244 0.015301
8.084683 0.015299
8.090644 0.015277
8.092863 0.015268
8.093584 0.015266
8.096618 0.015254
8.098580 0.015247
8.100984 0.015238
8.101894 0.015234
8.102547 0.015232
8.105123 0.015222
8.107851 0.015212
8.112631 0.015194
8.113747 0.015190
8.115157 0.015185
8.115959 0.015182
8.116128 0.015181
8.116630 0.015179
8.117097 0.015177
8.117649 0.015175
8.118148 0.015174
8.118333 0.015173
8.118385 0.015173
8.118508 0.015172
8.118607 0.015172
8.119789 0.015167
8.120116 0.015166
8.122348 0.015158
8.122707 0.015156
8.123098 0.015155
8.123716 0.015153
8.125803 0.015145
8.126057 0.015144
8.126148 0.015144
8.127576 0.015138
8.128185 0.015136
8.129906 0.015130
8.130871 0.015126
8.131302 0.015124
8.132077 0.015122
8.133624 0.015116
8.136681 0.015104
8.140809 0.015089
8.141269 0.015087
8.141304 0.015087
8.141663 0.015086
8.145295 0.015073
8.146343 0.015069
8.146887 0.015067
8.152568 0.015046
8.154339 0.015039
8.155039 0.015037
8.157506 0.015027
8.158307 0.015024
8.159859 0.015019
8.163802 0.015004
8.166666 0.014994
8.167293 0.014991
8.167949 0.014989
8.168023 0.014989
8.168703 0.014986
8.169117 0.014985
8.171429 0.014976
8.171612 0.014976
8.172156 0.014974
8.173499 0.014969
8.173816 0.014968
8.177282 0.014955
8.178912 0.014949
8.180089 0.014945
8.181678 0.014939
8.181876 0.014938
8.185502 0.014925
8.186642 0.014921
8.186891 0.014920
8.187466 0.014918
8.188441 0.014914
8.189248 0.014911
8.191445 0.014903
8.191660 0.014902
8.192073 0.014901
8.193242 0.014897
8.194671 0.014891
8.195860 0.014887
8.197931 0.014880
8.198534 0.014877
8.200699 0.014870
8.201914 0.014865
8.202899 0.014862
8.204150 0.014857
8.207172 0.014846
8.207653 0.014844
8.207740 0.014844
8.212588 0.014827
8.212873 0.014826
8.213943 0.014822
8.213962 0.014822
8.214125 0.014821
8.216865 0.014811
8.221096 0.014796
8.223247 0.014788
8.227235 0.014774
8.227856 0.014772
8.228003 0.014771
8.228294 0.014770
8.228694 0.014769
8.234469 0.014748
8.237899 0.014736
8.240393 0.014727
8.241246 0.014724
8.244232 0.014713
8.246303 0.014706
8.249904 0.014693
8.250377 0.014691
8.250378 0.014691
8.253714 0.014679
8.257416 0.014666
8.261953 0.014650
8.264596 0.014641
8.265183 0.014638
8.267696 0.014630
8.267764 0.014629
8.268384 0.014627
8.269625 0.014623
8.273998 0.014607
8.274051 0.014607
8.275057 0.014604
8.278092 0.014593
8.281377 0.014581
8.281499 0.014581
8.283309 0.014574
8.285069 0.014568
8.287851 0.014558
8.288810 0.014555
8.290305 0.014550
8.290521 0.014549
8.296156 0.014529
8.296705 0.014527
8.300267 0.014515
8.300598 0.014514
8.303654 0.014503
8.304023 0.014502
8.304043 0.014502
8.304463 0.014500
8.305216 0.014498
8.306164 0.014494
8.306479 0.014493
8.310248 0.014480
8.310919 0.014478
8.312796 0.014471
8.314788 0.014464
8.315219 0.014463
8.316961 0.014457
8.317260 0.014456
8.321027 0.014443
8.326640 0.014423
8.327374 0.014421
8.329189 0.014414
8.329397 0.014414
8.330372 0.014410
8.333645 0.014399
8.334486 0.014396
8.334962 0.014394
8.335437 0.014393
8.335786 0.014392
8.336634 0.014389
8.337179 0.014387
8.337357 0.014386
8.337385 0.014386
8.339264 0.014380
8.344268 0.014362
8.347724 0.014350
8.351135 0.014339
8.353248 0.014331
8.353430 0.014331
8.356476 0.014320
8.356653 0.014320
8.357804 0.014316
8.358188 0.014314
8.362393 0.014300
8.362511 0.014300
8.363149 0.014298
8.363449 0.014296
8.366327 0.014287
8.367768 0.014282
8.369892 0.014274
8.371345 0.014270
8.371555 0.014269
8.371987 0.014267
8.375920 0.014254
8.376665 0.014251
8.378176 0.014246
8.379167 0.014243
8.379553 0.014242
8.381454 0.014235
8.381817 0.014234
8.382345 0.014232
8.382832 0.014230
8.386221 0.014219
8.386888 0.014217
8.387413 0.014215
8.388080 0.014213
8.388674 0.014211
8.389029 0.014209
8.390845 0.014203
8.391154 0.014202
8.391545 0.014201
8.394345 0.014191
8.395384 0.014188
8.396303 0.014185
8.396640 0.014184
8.398600 0.014177
8.400080 0.014172
8.403458 0.014161
8.404059 0.014159
8.404481 0.014157
8.404663 0.014157
8.411042 0.014135
8.413918 0.014125
8.414174 0.014125
8.414987 0.014122
8.418354 0.014111
8.418940 0.014109
8.419061 0.014108
8.419344 0.014107
8.419496 0.014107
8.419555 0.014107
8.422012 0.014098
8.422465 0.014097
8.423932 0.014092
8.424145 0.014091
8.425658 0.014086
8.426637 0.014083
8.426674 0.014083
8.427824 0.014079
8.430408 0.014070
8.430797 0.014069
8.430981 0.014068
8.431938 0.014065
8.432537 0.014063
8.433490 0.014060
8.433571 0.014060
8.435470 0.014053
8.435543 0.014053
8.436015 0.014052
8.436460 0.014050
8.438138 0.014045
8.439008 0.014042
8.446411 0.014017
8.449702 0.014006
8.449824 0.014006
8.450544 0.014003
8.452053 0.013998
8.452758 0.013996
8.453122 0.013995
8.453708 0.013993
8.454156 0.013991
8.457614 0.013980
8.466415 0.013951
8.467600 0.013947
8.467807 0.013946
8.469142 0.013942
8.470516 0.013937
8.472168 0.013932
8.473243 0.013928
8.474110 0.013926
8.474877 0.013923
8.476255 0.013918
8.477318 0.013915
8.477710 0.013914
8.477835 0.013913
8.479970 0.013906
8.480797 0.013904
8.481509 0.013901
8.481804 0.013900
8.482792 0.013897
8.483499 0.013895
8.484796 0.013890
8.489183 0.013876
8.490122 0.013873
8.490408 0.013872
8.494236 0.013860
8.495250 0.013856
8.498158 0.013847
8.498233 0.013847
8.500002 0.013841
8.505216 0.013824
8.506948 0.013818
8.508269 0.013814
8.508738 0.013812
8.509252 0.013811
8.511677 0.013803
8.513044 0.013798
8.513124 0.013798
8.514649 0.013793
8.519016 0.013779
8.519059 0.013779
8.519213 0.013778
8.519652 0.013777
8.521109 0.013772
8.525019 0.013760
8.527634 0.013751
8.528166 0.013750
8.529984 0.013744
8.530501 0.013742
8.530890 0.013741
8.533384 0.013733
8.534236 0.013730
8.535240 0.013727
8.536162 0.013724
8.536344 0.013723
8.544142 0.013698
8.544793 0.013696
8.545720 0.013693
8.547296 0.013688
8.547667 0.013687
8.549499 0.013681
8.550198 0.013679
8.550593 0.013678
8.551795 0.013674
8.557648 0.013655
8.558159 0.013653
8.560094 0.013647
8.561410 0.013643
8.563589 0.013636
8.565094 0.013631
8.565340 0.013630
8.566581 0.013627
8.568720 0.013620
8.570583 0.013614
8.572159 0.013609
8.572178 0.013609
8.572191 0.013609
8.573311 0.013605
8.573814 0.013604
8.574659 0.013601
8.577249 0.013593
8.578321 0.013589
8.580628 0.013582
8.581929 0.013578
8.583925 0.013572
8.584772 0.013569
8.588304 0.013558
8.591061 0.013549
8.591081 0.013549
8.593143 0.013542
8.595348 0.013535
8.597244 0.013529
8.597770 0.013528
8.598181 0.013527
8.600443 0.013519
8.600950 0.013518
8.601162 0.013517
8.601392 0.013516
8.603448 0.013510
8.603786 0.013509
8.607310 0.013498
8.610893 0.013487
8.612869 0.013480
8.612882 0.013480
8.613818 0.013477
8.614427 0.013476
8.618725 0.013462
8.618850 0.013462
8.620544 0.013456
8.624716 0.013443
8.626210 0.013439
8.631786 0.013421
8.632743 0.013418
8.634605 0.013413
8.635494 0.013410
8.637913 0.013402
8.638284 0.013401
8.640255 0.013395
8.642524 0.013388
8.642624 0.013388
8.642879 0.013387
8.645654 0.013378
8.646499 0.013376
8.647235 0.013374
8.650161 0.013364
8.650906 0.013362
8.652037 0.013359
8.652465 0.013357
8.652495 0.013357
8.653747 0.013353
8.654936 0.013350
8.657780 0.013341
8.657859 0.013341
8.658824 0.013338
8.660704 0.013332
8.663216 0.013324
8.663514 0.013323
8.665819 0.013316
8.669922 0.013304
8.670773 0.013301
8.673244 0.013293
8.673978 0.013291
8.674071 0.013291
8.675977 0.013285
8.679118 0.013275
8.680387 0.013272
8.680858 0.013270
8.681927 0.013267
8.682748 0.013264
8.685756 0.013255
8.686472 0.013253
8.686706 0.013252
8.688107 0.013248
8.691938 0.013236
8.692616 0.013234
8.695253 0.013226
8.695486 0.013226
8.696527 0.013222
8.697163 0.013220
8.698027 0.013218
8.699401 0.013214
8.700602 0.013210
8.701836 0.013206
8.701878 0.013206
8.702459 0.013204
8.702957 0.013203
8.704448 0.013198
8.707257 0.013190
8.708038 0.013187
8.710522 0.013180
8.710849 0.013179
8.714481 0.013168
8.716233 0.013163
8.716294 0.013162
8.717003 0.013160
8.717317 0.013159
8.718206 0.013157
8.722166 0.013145
8.723050 0.013142
8.723263 0.013141
8.723329 0.013141
8.723787 0.013140
8.724232 0.013138
8.725858 0.013134
8.726568 0.013131
8.727447 0.013129
8.732171 0.013115
8.733076 0.013112
8.739235 0.013093
8.739347 0.013093
8.739358 0.013093
8.740663 0.013089
8.741414 0.013087
8.741635 0.013086
8.744306 0.013078
8.744927 0.013076
8.745868 0.013074
8.746133 0.013073
8.746596 0.013071
8.747642 0.013068
8.748138 0.013067
8.748768 0.013065
8.749345 0.013063
8.749623 0.013062
8.749658 0.013062
8.752585 0.013054
8.753669 0.013050
8.755252 0.013046
8.756896 0.013041
8.757500 0.013039
8.757823 0.013038
8.759123 0.013034
8.764722 0.013017
8.764914 0.013017
8.765896 0.013014
8.766258 0.013013
8.770080 0.013001
8.770099 0.013001
8.771570 0.012997
8.772032 0.012996
8.772497 0.012994
8.772549 0.012994
8.773821 0.012990
8.774296 0.012989
8.777118 0.012981
8.777461 0.012980
8.780075 0.012972
8.780844 0.012970
8.781575 0.012967
8.782829 0.012964
8.783997 0.012960
8.784191 0.012960
8.785951 0.012955
8.786146 0.012954
8.786994 0.012951
8.787812 0.012949
8.788164 0.012948
8.789999 0.012943
8.792168 0.012936
8.793440 0.012932
8.793852 0.012931
8.794986 0.012928
8.795017 0.012928
8.796103 0.012925
8.796840 0.012923
8.799162 0.012916
8.800107 0.012913
8.800352 0.012912
8.802674 0.012905
8.804002 0.012901
8.804095 0.012901
8.804266 0.012901
8.809398 0.012886
8.809766 0.012885
8.811563 0.012879
8.811759 0.012879
8.811960 0.012878
8.812034 0.012878
8.819030 0.012858
8.824017 0.012843
8.824950 0.012840
8.825065 0.012840
8.825521 0.012839
8.826071 0.012837
8.826115 0.012837
8.826350 0.012836
8.826653 0.012835
8.826785 0.012835
8.827044 0.012834
8.828744 0.012829
8.829535 0.012827
8.829989 0.012826
8.830524 0.012824
8.830931 0.012823
8.831666 0.012821
8.833629 0.012815
8.835664 0.012809
8.836413 0.012807
8.837290 0.012804
8.837429 0.012804
8.837790 0.012803
8.839257 0.012799
8.843517 0.012786
8.843874 0.012785
8.845378 0.012781
8.846259 0.012779
8.848202 0.012773
8.848712 0.012771
8.852733 0.012760
8.853285 0.012758
8.855421 0.012752
8.855517 0.012752
8.858141 0.012744
8.858474 0.012743
8.861399 0.012735
8.862446 0.012732
8.863296 0.012729
8.864381 0.012726
8.864947 0.012725
8.865391 0.012723
8.865889 0.012722
8.866362 0.012721
8.866915 0.012719
8.867865 0.012716
8.868411 0.012715
8.868546 0.012714
8.870698 0.012708
8.871754 0.012705
8.871844 0.012705
8.872050 0.012704
8.872638 0.012703
8.873018 0.012702
8.874135 0.012698
8.874875 0.012696
8.875914 0.012693
8.876405 0.012692
8.877469 0.012689
8.878195 0.012687
8.882206 0.012675
8.882219 0.012675
8.884530 0.012669
8.887080 0.012661
8.887790 0.012659
8.887882 0.012659
8.890197 0.012653
8.890264 0.012652
8.890523 0.012652
8.892014 0.012647
8.893081 0.012644
8.893823 0.012642
8.904173 0.012613
8.904401 0.012612
8.904537 0.012612
8.905292 0.012610
8.905614 0.012609
8.907381 0.012604
8.909446 0.012598
8.910070 0.012596
8.912171 0.012590
8.912760 0.012589
8.913857 0.012585
8.915957 0.012580
8.917713 0.012575
8.918906 0.012571
8.919594 0.012569
8.925783 0.012552
8.925883 0.012552
8.925892 0.012552
8.926408 0.012550
8.926480 0.012550
8.929325 0.012542
8.929349 0.012542
8.931771 0.012535
8.934905 0.012526
8.935421 0.012525
8.937540 0.012519
8.938593 0.012516
8.939187 0.012514
8.939605 0.012513
8.942561 0.012505
8.945425 0.012497
8.946218 0.012495
8.948504 0.012488
8.949121 0.012486
8.949263 0.012486
8.949585 0.012485
8.949728 0.012485
8.952100 0.012478
8.953535 0.012474
8.954088 0.012473
8.954491 0.012471
8.957843 0.012462
8.959320 0.012458
8.959793 0.012457
8.960079 0.012456
8.965194 0.012442
8.968080 0.012434
8.968439 0.012433
8.968802 0.012432
8.968880 0.012432
8.969553 0.012430
8.977468 0.012408
8.980037 0.012401
8.980202 0.012400
8.984297 0.012389
8.985955 0.012384
8.986627 0.012382
8.991904 0.012368
8.992421 0.012366
8.992916 0.012365
8.993467 0.012364
8.995193 0.012359
8.996118 0.012356
8.998383 0.012350
8.998583 0.012350
8.999000 0.012348
8.999208 0.012348
9.000390 0.012345
9.001271 0.012342
9.001389 0.012342
9.003551 0.012336
9.003833 0.012335
9.004551 0.012333
9.005611 0.012330
9.006317 0.012328
9.007413 0.012325
9.010359 0.012317
9.012698 0.012311
9.012947 0.012310
9.012961 0.012310
9.015414 0.012303
9.017662 0.012297
9.021974 0.012286
9.022265 0.012285
9.024938 0.012278
9.026049 0.012275
9.027114 0.012272
9.029038 0.012266
9.030338 0.012263
9.032931 0.012256
9.034083 0.012253
9.034602 0.012251
9.036682 0.012246
9.036849 0.012245
9.037920 0.012242
9.038656 0.012240
9.041982 0.012231
9.042844 0.012229
9.043139 0.012228
9.043689 0.012227
9.044909 0.012223
9.046403 0.012219
9.047712 0.012216
9.047785 0.012216
9.048301 0.012214
9.048377 0.012214
9.051504 0.012206
9.051879 0.012205
9.053590 0.012200
9.053934 0.012199
9.055620 0.012194
9.057700 0.012189
9.058381 0.012187
9.059586 0.012184
9.060989 0.012180
9.062740 0.012175
9.064068 0.012172
9.064273 0.012171
9.065744 0.012167
9.067709 0.012162
9.068212 0.012161
9.068617 0.012160
9.070761 0.012154
9.071086 0.012153
9.073326 0.012147
9.073439 0.012147
9.075164 0.012142
9.075541 0.012141
9.076837 0.012138
9.077731 0.012135
9.085536 0.012114
9.085540 0.012114
9.086150 0.012113
9.086209 0.012113
9.087331 0.012110
9.088672 0.012106
9.088677 0.012106
9.089614 0.012103
9.090956 0.012100
9.091072 0.012100
9.091487 0.012098
9.092558 0.012096
9.093235 0.012094
9.094571 0.012090
9.096456 0.012085
9.096478 0.012085
9.096594 0.012085
9.096702 0.012085
9.097466 0.012083
9.098655 0.012079
9.099019 0.012078
9.099509 0.012077
9.100939 0.012073
9.101299 0.012072
9.102935 0.012068
9.103538 0.012066
9.103863 0.012066
9.107198 0.012057
9.109028 0.012052
9.109594 0.012050
9.111434 0.012046
9.112289 0.012043
9.112766 0.012042
9.115029 0.012036
9.115970 0.012034
9.118745 0.012026
9.119837 0.012023
9.120846 0.012021
9.121072 0.012020
9.125370 0.012009
9.127990 0.012002
9.128543 0.012000
9.129191 0.011999
9.129793 0.011997
9.130643 0.011995
9.132223 0.011991
9.133206 0.011988
9.134710 0.011984
9.135989 0.011981
9.137883 0.011976
9.138219 0.011975
9.139186 0.011973
9.140449 0.011969
9.141913 0.011965
9.144825 0.011958
9.145639 0.011956
9.146491 0.011953
9.146492 0.011953
9.146749 0.011953
9.147584 0.011951
9.151314 0.011941
9.152641 0.011937
9.153519 0.011935
9.163260 0.011910
9.164773 0.011906
9.166074 0.011902
9.166099 0.011902
9.169343 0.011894
9.170366 0.011891
9.171029 0.011890
9.172052 0.011887
9.172325 0.011886
9.175621 0.011878
9.177881 0.011872
9.178303 0.011871
9.180549 0.011865
9.182641 0.011859
9.186645 0.011849
9.187086 0.011848
9.188938 0.011843
9.191604 0.011836
9.193787 0.011831
9.195521 0.011826
9.195952 0.011825
9.195968 0.011825
9.196709 0.011823
9.196763 0.011823
9.200409 0.011814
9.204481 0.011803
9.209470 0.011790
9.209988 0.011789
9.209989 0.011789
9.210656 0.011787
9.212943 0.011782
9.216655 0.011772
9.217800 0.011769
9.220042 0.011763
9.222257 0.011758
9.222312 0.011758
9.222355 0.011758
9.225983 0.011748
9.227079 0.011746
9.228905 0.011741
9.230669 0.011736
9.230998 0.011736
9.231093 0.011735
9.232428 0.011732
9.233207 0.011730
9.233699 0.011729
9.235529 0.011724
9.235713 0.011724
9.236880 0.011721
9.236982 0.011720
9.238972 0.011715
9.240368 0.011712
9.241200 0.011710
9.243139 0.011705
9.243895 0.011703
9.245896 0.011698
9.246039 0.011697
9.246303 0.011697
9.246505 0.011696
9.247385 0.011694
9.247477 0.011694
9.248165 0.011692
9.252181 0.011682
9.252185 0.011682
9.252666 0.011681
9.252815 0.011680
9.259173 0.011664
9.260796 0.011660
9.262949 0.011655
9.271423 0.011633
9.277220 0.011619
9.278473 0.011616
9.279789 0.011612
9.280959 0.011610
9.281996 0.011607
9.283257 0.011604
9.283586 0.011603
9.284770 0.011600
9.286599 0.011595
9.288114 0.011592
9.288242 0.011591
9.291650 0.011583
9.296215 0.011571
9.298025 0.011567
9.298065 0.011567
9.302048 0.011557
9.303401 0.011554
9.310342 0.011536
9.313299 0.011529
9.313890 0.011528
9.314829 0.011525
9.315602 0.011523
9.316575 0.011521
9.316959 0.011520
9.317130 0.011520
9.317546 0.011519
9.317752 0.011518
9.318754 0.011516
9.320117 0.011512
9.321074 0.011510
9.321457 0.011509
9.322393 0.011507
9.324766 0.011501
9.328383 0.011492
9.329312 0.011489
9.330233 0.011487
9.330944 0.011485
9.331253 0.011485
9.333183 0.011480
9.334964 0.011476
9.335509 0.011474
9.335803 0.011474
9.336806 0.011471
9.339150 0.011465
9.339603 0.011464
9.340022 0.011463
9.340448 0.011462
9.340552 0.011462
9.342192 0.011458
9.343819 0.011454
9.345237 0.011450
9.348709 0.011442
9.349959 0.011439
9.355087 0.011426
9.357108 0.011421
9.359706 0.011415
9.360192 0.011414
9.361796 0.011410
9.363144 0.011407
9.363681 0.011405
9.364419 0.011404
9.365622 0.011401
9.368415 0.011394
9.369683 0.011391
9.371603 0.011386
9.371672 0.011386
9.375516 0.011377
9.377264 0.011372
9.381590 0.011362
9.384907 0.011354
9.385779 0.011352
9.385985 0.011351
9.388724 0.011345
9.389458 0.011343
9.392635 0.011335
9.392806 0.011335
9.395263 0.011329
9.395649 0.011328
9.395850 0.011327
9.395933 0.011327
9.397342 0.011324
9.402582 0.011311
9.402819 0.011311
9.406633 0.011301
9.406981 0.011301
9.407991 0.011298
9.408867 0.011296
9.409300 0.011295
9.409536 0.011294
9.410675 0.011292
9.411311 0.011290
9.412075 0.011288
9.413510 0.011285
9.415341 0.011280
9.418535 0.011273
9.421790 0.011265
9.422497 0.011263
9.424258 0.011259
9.426145 0.011255
9.426616 0.011254
9.427943 0.011250
9.428370 0.011249
9.429031 0.011248
9.429197 0.011247
9.432286 0.011240
9.433915 0.011236
9.435040 0.011233
9.442283 0.011216
9.442499 0.011216
9.443149 0.011214
9.443909 0.011212
9.445033 0.011210
9.445321 0.011209
9.445334 0.011209
9.446053 0.011207
9.447255 0.011204
9.447582 0.011204
9.456794 0.011182
9.460572 0.011173
9.460726 0.011173
9.466444 0.011159
9.473028 0.011144
9.475123 0.011139
9.475592 0.011137
9.476750 0.011135
9.478980 0.011130
9.479579 0.011128
9.480252 0.011127
9.482262 0.011122
9.484173 0.011117
9.484446 0.011117
9.486457 0.011112
9.487316 0.011110
9.490425 0.011103
9.491257 0.011101
9.491347 0.011101
9.491625 0.011100
9.492460 0.011098
9.496167 0.011089
9.496306 0.011089
9.499846 0.011081
9.501697 0.011076
9.502031 0.011076
9.502841 0.011074
9.504304 0.011070
9.506829 0.011064
9.507714 0.011062
9.508426 0.011061
9.513023 0.011050
9.514998 0.011045
9.516713 0.011041
9.517263 0.011040
9.517275 0.011040
9.519466 0.011035
9.519818 0.011034
9.522119 0.011029
9.522437 0.011028
9.523083 0.011027
9.526037 0.011020
9.527236 0.011017
9.532565 0.011005
9.532979 0.011004
9.533608 0.011002
9.534920 0.010999
9.536747 0.010995
9.536945 0.010995
9.539280 0.010989
9.539590 0.010989
9.540963 0.010985
9.541171 0.010985
9.541616 0.010984
9.543291 0.010980
9.544683 0.010977
9.544733 0.010977
9.545340 0.010975
9.545736 0.010974
9.545910 0.010974
9.546678 0.010972
9.549039 0.010967
9.551891 0.010960
9.552175 0.010960
9.552610 0.010959
9.556012 0.010951
9.557051 0.010948
9.557205 0.010948
9.557485 0.010947
9.561355 0.010939
9.562343 0.010936
9.562962 0.010935
9.563085 0.010935
9.564072 0.010932
9.567141 0.010925
9.569383 0.010920
9.571272 0.010916
9.573748 0.010910
9.574710 0.010908
9.574822 0.010908
9.575257 0.010907
9.578149 0.010900
9.580922 0.010894
9.581298 0.010893
9.581480 0.010893
9.581528 0.010893
9.583578 0.010888
9.583777 0.010887
9.584058 0.010887
9.587571 0.010879
9.587579 0.010879
9.589135 0.010875
9.589843 0.010874
9.592627 0.010867
9.592779 0.010867
9.594357 0.010863
9.596488 0.010859
9.596553 0.010858
9.596644 0.010858
9.596826 0.010858
9.600629 0.010849
9.603622 0.010843
9.603691 0.010842
9.605509 0.010838
9.605653 0.010838
9.606561 0.010836
9.607559 0.010834
9.608290 0.010832
9.608551 0.010831
9.610732 0.010826
9.610912 0.010826
9.612447 0.010823
9.612697 0.010822
9.613917 0.010819
9.615483 0.010816
9.616351 0.010814
9.617066 0.010812
9.617342 0.010812
9.620911 0.010804
9.621880 0.010801
9.622071 0.010801
9.622764 0.010799
9.623799 0.010797
9.625362 0.010794
9.625858 0.010792
9.626378 0.010791
9.627100 0.010790
9.627633 0.010788
9.628854 0.010786
9.629940 0.010783
9.631350 0.010780
9.631750 0.010779
9.633203 0.010776
9.636416 0.010769
9.636423 0.010769
9.638454 0.010764
9.639298 0.010762
9.640071 0.010761
9.642992 0.010754
9.644805 0.010750
9.646182 0.010747
9.646955 0.010745
9.647602 0.010744
9.650199 0.010738
9.653943 0.010730
9.658032 0.010721
9.660264 0.010716
9.660860 0.010714
9.662582 0.010711
9.665267 0.010705
9.667533 0.010700
9.668514 0.010697
9.669305 0.010696
9.670084 0.010694
9.670606 0.010693
9.673975 0.010685
9.674708 0.010684
9.677948 0.010677
9.678000 0.010676
9.678424 0.010676
9.678666 0.010675
9.678845 0.010675
9.680416 0.010671
9.688238 0.010654
9.689688 0.010651
9.689987 0.010650
9.691229 0.010647
9.691358 0.010647
9.692680 0.010644
9.693472 0.010642
9.696363 0.010636
9.698853 0.010631
9.700435 0.010627
9.700584 0.010627
9.702333 0.010623
9.703552 0.010620
9.703682 0.010620
9.704697 0.010618
9.705681 0.010616
9.707822 0.010611
9.708390 0.010610
9.710074 0.010606
9.710171 0.010606
9.710802 0.010604
9.711665 0.010603
9.713705 0.010598
9.714470 0.010596
9.716589 0.010592
9.717041 0.010591
9.720794 0.010583
9.722263 0.010580
9.724396 0.010575
9.724525 0.010575
9.725342 0.010573
9.725352 0.010573
9.725480 0.010573
9.726405 0.010570
9.728091 0.010567
9.729509 0.010564
9.731636 0.010559
9.733526 0.010555
9.735535 0.010551
9.738797 0.010544
9.740218 0.010541
9.743497 0.010533
9.747581 0.010525
9.747848 0.010524
9.750964 0.010517
9.751157 0.010517
9.751965 0.010515
9.756448 0.010505
9.757964 0.010502
9.759187 0.010500
9.759460 0.010499
9.760765 0.010496
9.764613 0.010488
9.765324 0.010486
9.770106 0.010476
9.770673 0.010475
9.771743 0.010473
9.773546 0.010469
9.773737 0.010468
9.776635 0.010462
9.777721 0.010460
9.778790 0.010458
9.781195 0.010452
9.781924 0.010451
9.783994 0.010446
9.786294 0.010442
9.787057 0.010440
9.787771 0.010438
9.788575 0.010437
9.788994 0.010436
9.789531 0.010435
9.793998 0.010425
9.794779 0.010423
9.796118 0.010421
9.796505 0.010420
9.800943 0.010410
9.801016 0.010410
9.803475 0.010405
9.805546 0.010401
9.805941 0.010400
9.807901 0.010396
9.808686 0.010394
9.809345 0.010392
9.811806 0.010387
9.817077 0.010376
9.817130 0.010376
9.817428 0.010375
9.817661 0.010375
9.822508 0.010365
9.823020 0.010364
9.823201 0.010363
9.823387 0.010363
9.825399 0.010359
9.826676 0.010356
9.827135 0.010355
9.827456 0.010354
9.828553 0.010352
9.829296 0.010350
9.829684 0.010350
9.831512 0.010346
9.831873 0.010345
9.831893 0.010345
9.833456 0.010342
9.833479 0.010342
9.835368 0.010338
9.835492 0.010337
9.839636 0.010329
9.841722 0.010324
9.841904 0.010324
9.842387 0.010323
9.842407 0.010323
9.843444 0.010321
9.843726 0.010320
9.849492 0.010308
9.851360 0.010304
9.851684 0.010303
9.851998 0.010303
9.852572 0.010302
9.852588 0.010301
9.853456 0.010300
9.855643 0.010295
9.856457 0.010293
9.857130 0.010292
9.857136 0.010292
9.857788 0.010291
9.858619 0.010289
9.860498 0.010285
9.861162 0.010284
9.861291 0.010283
9.862009 0.010282
9.863094 0.010280
9.863945 0.010278
9.868445 0.010268
9.868871 0.010268
9.868928 0.010267
9.868974 0.010267
9.869475 0.010266
9.870283 0.010265
9.871773 0.010261
9.872918 0.010259
9.873083 0.010259
9.873316 0.010258
9.876755 0.010251
9.877075 0.010250
9.877083 0.010250
9.878890 0.010247
9.879021 0.010246
9.881075 0.010242
9.881407 0.010241
9.882120 0.010240
9.882576 0.010239
9.884962 0.010234
9.885904 0.010232
9.887483 0.010229
9.887526 0.010229
9.887565 0.010229
9.887828 0.010228
9.889453 0.010225
9.889720 0.010224
9.890689 0.010222
9.890788 0.010222
9.896292 0.010211
9.896796 0.010210
9.898331 0.010206
9.899381 0.010204
9.901324 0.010200
9.901793 0.010199
9.902089 0.010199
9.902630 0.010198
9.905213 0.010192
9.905917 0.010191
9.906618 0.010189
9.911705 0.010179
9.911939 0.010178
9.914296 0.010174
9.917867 0.010166
9.919446 0.010163
9.919774 0.010162
9.923263 0.010155
9.923978 0.010154
9.924956 0.010152
9.929581 0.010142
9.930013 0.010141
9.930879 0.010140
9.930911 0.010140
9.931798 0.010138
9.934846 0.010132
9.938516 0.010124
9.939300 0.010123
9.939438 0.010122
9.944170 0.010113
9.948812 0.010103
9.949058 0.010103
9.953574 0.010094
9.953839 0.010093
9.954036 0.010093
9.956114 0.010088
9.956626 0.010087
9.957575 0.010085
9.958441 0.010084
9.958535 0.010083
9.960802 0.010079
9.962253 0.010076
9.962567 0.010075
9.963187 0.010074
9.963511 0.010073
9.964269 0.010072
9.965980 0.010068
9.967360 0.010066
9.968003 0.010064
9.968074 0.010064
9.968547 0.010063
9.969157 0.010062
9.969680 0.010061
9.970122 0.010060
9.970426 0.010059
9.972741 0.010055
9.973054 0.010054
9.973155 0.010054
9.974631 0.010051
9.974959 0.010050
9.980546 0.010039
9.982728 0.010035
9.983968 0.010032
9.984359 0.010031
9.985795 0.010028
9.987543 0.010025
9.988987 0.010022
9.990884 0.010018
9.991595 0.010017
9.992004 0.010016
9.994145 0.010012
9.998536 0.010003
