5000.000000 2.000000
3.001542 0.110997
3.003985 0.110816
3.006697 0.110617
3.008703 0.110469
3.009451 0.110414
3.012010 0.110227
3.012667 0.110179
3.012813 0.110168
3.015524 0.109970
3.016170 0.109923
3.018220 0.109774
3.020592 0.109601
3.023566 0.109386
3.027051 0.109134
3.027752 0.109084
3.028553 0.109026
3.029710 0.108943
3.030284 0.108901
3.030486 0.108887
3.031298 0.108829
3.035638 0.108518
3.036527 0.108454
3.037208 0.108405
3.037722 0.108369
3.037819 0.108362
3.039550 0.108238
3.039796 0.108221
3.043012 0.107992
3.043736 0.107941
3.044908 0.107858
3.045397 0.107823
3.046888 0.107718
3.047720 0.107659
3.049284 0.107548
3.050339 0.107474
3.051607 0.107385
3.052544 0.107319
3.054738 0.107165
3.055151 0.107136
3.056294 0.107056
3.057443 0.106975
3.058956 0.106869
3.063032 0.106585
3.063185 0.106575
3.063407 0.106559
3.065686 0.106401
3.067413 0.106281
3.068303 0.106219
3.069117 0.106163
3.070603 0.106060
3.070760 0.106049
3.071580 0.105993
3.071942 0.105968
3.073138 0.105885
3.073774 0.105842
3.073941 0.105830
3.074862 0.105767
3.078778 0.105498
3.080046 0.105411
3.080218 0.105399
3.081429 0.105316
3.081896 0.105284
3.083985 0.105142
3.086608 0.104963
3.087206 0.104923
3.089814 0.104745
3.090708 0.104685
3.093119 0.104522
3.095587 0.104355
3.096485 0.104295
3.098199 0.104179
3.099157 0.104115
3.101732 0.103942
3.105170 0.103712
3.105918 0.103662
3.109979 0.103392
3.111058 0.103320
3.114613 0.103084
3.116457 0.102962
3.117223 0.102912
3.117333 0.102904
3.117977 0.102862
3.118472 0.102829
3.120081 0.102723
3.121117 0.102655
3.121172 0.102651
3.122228 0.102582
3.123348 0.102508
3.125120 0.102392
3.125147 0.102390
3.125253 0.102383
3.125438 0.102371
3.128020 0.102202
3.128486 0.102172
3.128585 0.102165
3.128642 0.102162
3.130900 0.102014
3.132524 0.101909
3.132611 0.101903
3.133379 0.101853
3.133548 0.101842
3.134938 0.101752
3.137879 0.101561
3.138597 0.101515
3.140914 0.101365
3.140933 0.101364
3.145753 0.101053
3.146125 0.101029
3.146236 0.101022
3.146246 0.101022
3.146982 0.100974
3.147577 0.100936
3.148760 0.100860
3.149711 0.100800
3.149970 0.100783
3.150778 0.100731
3.151030 0.100715
3.152963 0.100592
3.154283 0.100508
3.156149 0.100389
3.156656 0.100357
3.157525 0.100301
3.158278 0.100253
3.163669 0.099912
3.163705 0.099910
3.164164 0.099881
3.167980 0.099640
3.171149 0.099441
3.172619 0.099349
3.174037 0.099260
3.175282 0.099183
3.175997 0.099138
3.176105 0.099131
3.176702 0.099094
3.179338 0.098930
3.181320 0.098806
3.182174 0.098753
3.183661 0.098661
3.184436 0.098613
3.190185 0.098258
3.193874 0.098031
3.195283 0.097945
3.196210 0.097888
3.197800 0.097791
3.199430 0.097691
3.200580 0.097621
3.201031 0.097593
3.202066 0.097530
3.206795 0.097243
3.210504 0.097018
3.211211 0.096976
3.211560 0.096955
3.211574 0.096954
3.213263 0.096852
3.214548 0.096774
3.215366 0.096725
3.219626 0.096469
3.220805 0.096399
3.220973 0.096389
3.222715 0.096284
3.224126 0.096200
3.225019 0.096147
3.226109 0.096082
3.228440 0.095943
3.229169 0.095900
3.232889 0.095679
3.233786 0.095626
3.237163 0.095427
3.237594 0.095402
3.238074 0.095373
3.238988 0.095319
3.238993 0.095319
3.242072 0.095138
3.245529 0.094936
3.248856 0.094741
3.250443 0.094649
3.251324 0.094597
3.253547 0.094468
3.255893 0.094332
3.256363 0.094305
3.256583 0.094292
3.261080 0.094032
3.263728 0.093880
3.263978 0.093865
3.266117 0.093742
3.267860 0.093642
3.268108 0.093628
3.269457 0.093551
3.269854 0.093528
3.270390 0.093498
3.270869 0.093470
3.272811 0.093359
3.272971 0.093350
3.275505 0.093206
3.276290 0.093161
3.277643 0.093084
3.279815 0.092961
3.282613 0.092803
3.282681 0.092799
3.286511 0.092583
3.286810 0.092566
3.288878 0.092449
3.289942 0.092390
3.292687 0.092236
3.293119 0.092212
3.293402 0.092196
3.296376 0.092029
3.296899 0.092000
3.297072 0.091991
3.301962 0.091718
3.302095 0.091711
3.302904 0.091666
3.305907 0.091500
3.306209 0.091483
3.306304 0.091478
3.306600 0.091461
3.306751 0.091453
3.307472 0.091413
3.307851 0.091392
3.309063 0.091325
3.311549 0.091188
3.311680 0.091181
3.315087 0.090993
3.315348 0.090979
3.315581 0.090966
3.317289 0.090873
3.320485 0.090698
3.321099 0.090664
3.321542 0.090640
3.322997 0.090561
3.324611 0.090473
3.324805 0.090462
3.324845 0.090460
3.325828 0.090407
3.328324 0.090271
3.328759 0.090248
3.330144 0.090172
3.332926 0.090022
3.334304 0.089948
3.335429 0.089887
3.341867 0.089541
3.343095 0.089475
3.344365 0.089407
3.345217 0.089362
3.346427 0.089297
3.348634 0.089179
3.350535 0.089078
3.351166 0.089045
3.353599 0.088916
3.355605 0.088809
3.355695 0.088805
3.372519 0.087921
3.374757 0.087804
3.375793 0.087750
3.377641 0.087654
3.378248 0.087623
3.380824 0.087489
3.381403 0.087459
3.381908 0.087433
3.381969 0.087430
3.382295 0.087413
3.383909 0.087330
3.385187 0.087264
3.385930 0.087226
3.386756 0.087183
3.387569 0.087141
3.388554 0.087091
3.389847 0.087024
3.395831 0.086718
3.396388 0.086689
3.397667 0.086624
3.398577 0.086578
3.398979 0.086557
3.401938 0.086407
3.406363 0.086182
3.407702 0.086115
3.409275 0.086035
3.410834 0.085957
3.410911 0.085953
3.411253 0.085935
3.412650 0.085865
3.412762 0.085859
3.414593 0.085767
3.418373 0.085578
3.419060 0.085543
3.419526 0.085520
3.420190 0.085487
3.420451 0.085474
3.420567 0.085468
3.424338 0.085280
3.426114 0.085192
3.426564 0.085169
3.428383 0.085079
3.428401 0.085078
3.430087 0.084994
3.431519 0.084923
3.432182 0.084891
3.434740 0.084764
3.434795 0.084761
3.438280 0.084590
3.439136 0.084548
3.440136 0.084498
3.444654 0.084277
3.445681 0.084227
3.445971 0.084213
3.446919 0.084166
3.447259 0.084150
3.448390 0.084094
3.450134 0.084009
3.451095 0.083963
3.452918 0.083874
3.453967 0.083823
3.454401 0.083802
3.456379 0.083706
3.456986 0.083677
3.458528 0.083602
3.458779 0.083590
3.459380 0.083561
3.460211 0.083521
3.461966 0.083436
3.463138 0.083380
3.463891 0.083343
3.464207 0.083328
3.466090 0.083238
3.466812 0.083203
3.467739 0.083159
3.468944 0.083101
3.469734 0.083063
3.472160 0.082947
3.472996 0.082907
3.474599 0.082831
3.478483 0.082646
3.478878 0.082627
3.483699 0.082398
3.484775 0.082348
3.488219 0.082185
3.488555 0.082169
3.490854 0.082061
3.492080 0.082003
3.496467 0.081798
3.497740 0.081738
3.499792 0.081642
3.502112 0.081534
3.507392 0.081289
3.508487 0.081238
3.509807 0.081177
3.510826 0.081130
3.511353 0.081106
3.512314 0.081061
3.512935 0.081033
3.513691 0.080998
3.517227 0.080835
3.519448 0.080733
3.520700 0.080676
3.527019 0.080387
3.532401 0.080142
3.532752 0.080126
3.532927 0.080118
3.533718 0.080082
3.534415 0.080051
3.535540 0.080000
3.536731 0.079946
3.538016 0.079888
3.538029 0.079887
3.540990 0.079754
3.543901 0.079623
3.546650 0.079499
3.553825 0.079179
3.556974 0.079038
3.557689 0.079007
3.559291 0.078936
3.562238 0.078805
3.564213 0.078718
3.566808 0.078603
3.567012 0.078594
3.569918 0.078466
3.570425 0.078444
3.570680 0.078433
3.570696 0.078432
3.570816 0.078427
3.570861 0.078425
3.571257 0.078408
3.571871 0.078381
3.572203 0.078366
3.572731 0.078343
3.573101 0.078327
3.576178 0.078192
3.576504 0.078178
3.577006 0.078156
3.581113 0.077977
3.581755 0.077949
3.583019 0.077894
3.583324 0.077880
3.583567 0.077870
3.587357 0.077705
3.589316 0.077621
3.589360 0.077619
3.589585 0.077609
3.590990 0.077548
3.593730 0.077430
3.593824 0.077426
3.594687 0.077389
3.595636 0.077348
3.595769 0.077342
3.596954 0.077291
3.599679 0.077174
3.600668 0.077132
3.601303 0.077105
3.601514 0.077096
3.602784 0.077041
3.602938 0.077035
3.603844 0.076996
3.606507 0.076882
3.607237 0.076851
3.609842 0.076740
3.610048 0.076732
3.610963 0.076693
3.611628 0.076664
3.611896 0.076653
3.614239 0.076554
3.615051 0.076519
3.618082 0.076391
3.618386 0.076378
3.618899 0.076357
3.618955 0.076354
3.622934 0.076187
3.625171 0.076093
3.626076 0.076055
3.630848 0.075855
3.633239 0.075755
3.634307 0.075711
3.635908 0.075644
3.637422 0.075581
3.638598 0.075532
3.641004 0.075432
3.645192 0.075259
3.645493 0.075247
3.647484 0.075165
3.647611 0.075159
3.652002 0.074979
3.653217 0.074929
3.654017 0.074896
3.655967 0.074816
3.657194 0.074766
3.657954 0.074735
3.658120 0.074728
3.659831 0.074658
3.666936 0.074369
3.667455 0.074348
3.668326 0.074313
3.669725 0.074256
3.670105 0.074241
3.672382 0.074149
3.673013 0.074123
3.674597 0.074059
3.674837 0.074050
3.676800 0.073971
3.676952 0.073965
3.677029 0.073962
3.678507 0.073902
3.678900 0.073886
3.679598 0.073858
3.680845 0.073808
3.681254 0.073792
3.683714 0.073693
3.683782 0.073691
3.684586 0.073658
3.689192 0.073475
3.690258 0.073432
3.692776 0.073332
3.694531 0.073262
3.697719 0.073136
3.698615 0.073101
3.700924 0.073010
3.704459 0.072870
3.705665 0.072823
3.707653 0.072745
3.712131 0.072569
3.714654 0.072471
3.715077 0.072454
3.715115 0.072453
3.715728 0.072429
3.718290 0.072329
3.718671 0.072314
3.719523 0.072281
3.724756 0.072078
3.727224 0.071983
3.728892 0.071918
3.729091 0.071911
3.730117 0.071871
3.730367 0.071862
3.731074 0.071834
3.734076 0.071719
3.734496 0.071703
3.735329 0.071671
3.735799 0.071653
3.736006 0.071645
3.738393 0.071553
3.739593 0.071507
3.740320 0.071480
3.742321 0.071403
3.743464 0.071360
3.743909 0.071343
3.746335 0.071250
3.748719 0.071160
3.749722 0.071122
3.750529 0.071091
3.751371 0.071059
3.751699 0.071047
3.754378 0.070945
3.754586 0.070937
3.755055 0.070920
3.755573 0.070900
3.755845 0.070890
3.755862 0.070889
3.756251 0.070875
3.757425 0.070830
3.758655 0.070784
3.759440 0.070754
3.763065 0.070618
3.763467 0.070603
3.764871 0.070550
3.765027 0.070545
3.765956 0.070510
3.766509 0.070489
3.766711 0.070482
3.766745 0.070480
3.769785 0.070367
3.775394 0.070158
3.775492 0.070154
3.776312 0.070124
3.776930 0.070101
3.777388 0.070084
3.777787 0.070069
3.777909 0.070064
3.779489 0.070006
3.782240 0.069904
3.783699 0.069850
3.783873 0.069844
3.784950 0.069804
3.788459 0.069675
3.789150 0.069649
3.789730 0.069628
3.792085 0.069541
3.792854 0.069513
3.793713 0.069482
3.796390 0.069384
3.797544 0.069342
3.800623 0.069229
3.801518 0.069197
3.802846 0.069148
3.802946 0.069145
3.804312 0.069095
3.806299 0.069023
3.808744 0.068934
3.810037 0.068888
3.810286 0.068879
3.811435 0.068837
3.814084 0.068742
3.814116 0.068740
3.819261 0.068555
3.820894 0.068497
3.822949 0.068423
3.826100 0.068310
3.826317 0.068303
3.827424 0.068263
3.828522 0.068224
3.829660 0.068184
3.829881 0.068176
3.831531 0.068117
3.831990 0.068101
3.833390 0.068051
3.833802 0.068036
3.835623 0.067972
3.836133 0.067954
3.837985 0.067888
3.840657 0.067794
3.841808 0.067753
3.847383 0.067557
3.848847 0.067505
3.849305 0.067489
3.853717 0.067335
3.853791 0.067332
3.855351 0.067278
3.855778 0.067263
3.857269 0.067211
3.859007 0.067150
3.859421 0.067136
3.859892 0.067120
3.861128 0.067077
3.864092 0.066974
3.866577 0.066888
3.866646 0.066885
3.866943 0.066875
3.868239 0.066830
3.868522 0.066821
3.871426 0.066720
3.871873 0.066705
3.873561 0.066647
3.876108 0.066559
3.880911 0.066395
3.881634 0.066370
3.882557 0.066338
3.884522 0.066271
3.885045 0.066253
3.885127 0.066251
3.886547 0.066202
3.892282 0.066007
3.894332 0.065938
3.894572 0.065930
3.895440 0.065900
3.895485 0.065899
3.896871 0.065852
3.897183 0.065841
3.897288 0.065838
3.902735 0.065654
3.905553 0.065559
3.906894 0.065514
3.908538 0.065459
3.909535 0.065426
3.913851 0.065282
3.914687 0.065254
3.916055 0.065208
3.916402 0.065197
3.917056 0.065175
3.919540 0.065092
3.920233 0.065069
3.920774 0.065051
3.922697 0.064988
3.922726 0.064987
3.927518 0.064828
3.928155 0.064807
3.928160 0.064807
3.928715 0.064789
3.928764 0.064787
3.930323 0.064736
3.930588 0.064727
3.930687 0.064724
3.931557 0.064695
3.935405 0.064569
3.936466 0.064534
3.937444 0.064502
3.938448 0.064469
3.940298 0.064408
3.941505 0.064369
3.942003 0.064353
3.942122 0.064349
3.943330 0.064309
3.944041 0.064286
3.944227 0.064280
3.944288 0.064278
3.944696 0.064265
3.944910 0.064258
3.945725 0.064231
3.946983 0.064190
3.947602 0.064170
3.950648 0.064071
3.951006 0.064060
3.954628 0.063942
3.955253 0.063922
3.956317 0.063888
3.957707 0.063843
3.958563 0.063815
3.958725 0.063810
3.959814 0.063775
3.961180 0.063731
3.962580 0.063686
3.963948 0.063642
3.964244 0.063633
3.965234 0.063601
3.966706 0.063554
3.967879 0.063516
3.969906 0.063451
3.971598 0.063397
3.971950 0.063386
3.974933 0.063291
3.975579 0.063270
3.976574 0.063239
3.977446 0.063211
3.980726 0.063107
3.980771 0.063105
3.986119 0.062936
3.988185 0.062871
3.988746 0.062853
3.991172 0.062777
3.991263 0.062774
3.996345 0.062614
3.996873 0.062598
3.998156 0.062558
3.998317 0.062553
3.998786 0.062538
3.999255 0.062523
3.999349 0.062520
4.002279 0.062429
4.002351 0.062427
4.003706 0.062384
4.004687 0.062354
4.006388 0.062301
4.007449 0.062268
4.007842 0.062256
4.009956 0.062190
4.011883 0.062130
4.012528 0.062110
4.013942 0.062067
4.016128 0.061999
4.016225 0.061996
4.016262 0.061995
4.021325 0.061839
4.025873 0.061699
4.027199 0.061659
4.032392 0.061500
4.032440 0.061498
4.032882 0.061485
4.033046 0.061480
4.035951 0.061391
4.037060 0.061358
4.040035 0.061267
4.040048 0.061267
4.041759 0.061215
4.042081 0.061205
4.048504 0.061011
4.051237 0.060929
4.051446 0.060923
4.051518 0.060921
4.052394 0.060894
4.053783 0.060853
4.054941 0.060818
4.057747 0.060734
4.059597 0.060678
4.061431 0.060624
4.061594 0.060619
4.063452 0.060563
4.065609 0.060499
4.066098 0.060485
4.066707 0.060466
4.067618 0.060439
4.067891 0.060431
4.075760 0.060198
4.076088 0.060188
4.076489 0.060177
4.077056 0.060160
4.077759 0.060139
4.078890 0.060106
4.079790 0.060079
4.081319 0.060034
4.081419 0.060031
4.082379 0.060003
4.083833 0.059960
4.084804 0.059932
4.085779 0.059903
4.087454 0.059854
4.087645 0.059849
4.088185 0.059833
4.088878 0.059812
4.089947 0.059781
4.090019 0.059779
4.090042 0.059778
4.091230 0.059744
4.091739 0.059729
4.091923 0.059723
4.095181 0.059628
4.097036 0.059574
4.097223 0.059569
4.097492 0.059561
4.098467 0.059533
4.098692 0.059526
4.101629 0.059441
4.103238 0.059395
4.104128 0.059369
4.104340 0.059363
4.108351 0.059247
4.110020 0.059199
4.110867 0.059174
4.112534 0.059126
4.112973 0.059114
4.113439 0.059100
4.115604 0.059038
4.116309 0.059018
4.116390 0.059016
4.116717 0.059006
4.117752 0.058977
4.118601 0.058952
4.122401 0.058844
4.122922 0.058829
4.123749 0.058805
4.124218 0.058792
4.124576 0.058782
4.125980 0.058742
4.126522 0.058726
4.126525 0.058726
4.126803 0.058718
4.126813 0.058718
4.127375 0.058702
4.129185 0.058650
4.130001 0.058627
4.130246 0.058620
4.133532 0.058527
4.134498 0.058500
4.135725 0.058465
4.136271 0.058450
4.136819 0.058434
4.137641 0.058411
4.138482 0.058387
4.138491 0.058387
4.138581 0.058384
4.138711 0.058381
4.146687 0.058156
4.146912 0.058150
4.150117 0.058060
4.151717 0.058016
4.151896 0.058011
4.152694 0.057988
4.153035 0.057979
4.153490 0.057966
4.153495 0.057966
4.157939 0.057842
4.158372 0.057830
4.160099 0.057782
4.160677 0.057766
4.162727 0.057709
4.163171 0.057697
4.163536 0.057687
4.163867 0.057677
4.163985 0.057674
4.164474 0.057661
4.167922 0.057565
4.168418 0.057552
4.169831 0.057513
4.171887 0.057456
4.172465 0.057440
4.173524 0.057411
4.173999 0.057398
4.177366 0.057305
4.177584 0.057299
4.183248 0.057144
4.183812 0.057129
4.185703 0.057077
4.186387 0.057059
4.187391 0.057031
4.187679 0.057023
4.189918 0.056962
4.190061 0.056959
4.191430 0.056921
4.191498 0.056920
4.193074 0.056877
4.193149 0.056875
4.198172 0.056739
4.199747 0.056696
4.200765 0.056669
4.200952 0.056664
4.201501 0.056649
4.201626 0.056645
4.203699 0.056590
4.203879 0.056585
4.205684 0.056536
4.207132 0.056497
4.209959 0.056421
4.210344 0.056411
4.210488 0.056407
4.210806 0.056399
4.220952 0.056128
4.221053 0.056125
4.221062 0.056125
4.221953 0.056101
4.223537 0.056059
4.224022 0.056046
4.224335 0.056038
4.226795 0.055973
4.227086 0.055965
4.228290 0.055933
4.228444 0.055929
4.228938 0.055916
4.230359 0.055879
4.230802 0.055867
4.230865 0.055865
4.231262 0.055855
4.231407 0.055851
4.231938 0.055837
4.232207 0.055830
4.233244 0.055802
4.233794 0.055788
4.235128 0.055753
4.235526 0.055742
4.235537 0.055742
4.236254 0.055723
4.236504 0.055717
4.237460 0.055691
4.239031 0.055650
4.239574 0.055636
4.240856 0.055602
4.244243 0.055514
4.244279 0.055513
4.245819 0.055472
4.246111 0.055465
4.248655 0.055398
4.255919 0.055209
4.257342 0.055173
4.258678 0.055138
4.259545 0.055115
4.261595 0.055062
4.262803 0.055031
4.264689 0.054983
4.265092 0.054972
4.265315 0.054966
4.265480 0.054962
4.265828 0.054953
4.267759 0.054904
4.269030 0.054871
4.269261 0.054865
4.269709 0.054853
4.273405 0.054759
4.275173 0.054713
4.275392 0.054708
4.277814 0.054646
4.278938 0.054617
4.279700 0.054598
4.279837 0.054594
4.280733 0.054571
4.285255 0.054456
4.285292 0.054455
4.286231 0.054431
4.287308 0.054404
4.288475 0.054374
4.292863 0.054263
4.293993 0.054235
4.295280 0.054202
4.295621 0.054194
4.298172 0.054129
4.298310 0.054126
4.298788 0.054114
4.301151 0.054054
4.301276 0.054051
4.301481 0.054046
4.303804 0.053988
4.306437 0.053922
4.308405 0.053872
4.315131 0.053705
4.317116 0.053655
4.318723 0.053615
4.320143 0.053580
4.323464 0.053498
4.326043 0.053434
4.328847 0.053365
4.330018 0.053336
4.330699 0.053319
4.332614 0.053272
4.333941 0.053239
4.334278 0.053231
4.334327 0.053230
4.334610 0.053223
4.335095 0.053211
4.338267 0.053133
4.339214 0.053110
4.339257 0.053109
4.339804 0.053096
4.341381 0.053057
4.350566 0.052833
4.356303 0.052694
4.357186 0.052673
4.357321 0.052670
4.359051 0.052628
4.360151 0.052601
4.360776 0.052586
4.362059 0.052555
4.362188 0.052552
4.365813 0.052465
4.366028 0.052460
4.368141 0.052409
4.370950 0.052342
4.372286 0.052310
4.372633 0.052301
4.372782 0.052298
4.374582 0.052255
4.379338 0.052141
4.379690 0.052133
4.383345 0.052046
4.383347 0.052046
4.385372 0.051998
4.390416 0.051879
4.391073 0.051863
4.392114 0.051839
4.394551 0.051781
4.394776 0.051776
4.401827 0.051610
4.404325 0.051551
4.404369 0.051550
4.408044 0.051465
4.408549 0.051453
4.408793 0.051447
4.410255 0.051413
4.412301 0.051365
4.413237 0.051343
4.415229 0.051297
4.415256 0.051297
4.415705 0.051286
4.415927 0.051281
4.416214 0.051274
4.416714 0.051263
4.416825 0.051260
4.417586 0.051242
4.417685 0.051240
4.417714 0.051239
4.418314 0.051226
4.420835 0.051167
4.422383 0.051131
4.423009 0.051117
4.424151 0.051090
4.425622 0.051057
4.427414 0.051015
4.430573 0.050942
4.431635 0.050918
4.432512 0.050898
4.432727 0.050893
4.432787 0.050892
4.437542 0.050783
4.437961 0.050773
4.439540 0.050737
4.441175 0.050700
4.441396 0.050695
4.449237 0.050516
4.453177 0.050427
4.456496 0.050352
4.456630 0.050349
4.457157 0.050337
4.458950 0.050296
4.460580 0.050259
4.461771 0.050233
4.463225 0.050200
4.464251 0.050177
4.464504 0.050171
4.464859 0.050163
4.466482 0.050127
4.466726 0.050121
4.467863 0.050096
4.468603 0.050079
4.470950 0.050027
4.472218 0.049998
4.472504 0.049992
4.477419 0.049882
4.479128 0.049844
4.479312 0.049840
4.479821 0.049829
4.480410 0.049816
4.482020 0.049780
4.482565 0.049768
4.482646 0.049766
4.483230 0.049753
4.484412 0.049727
4.486118 0.049689
4.487201 0.049665
4.487342 0.049662
4.488395 0.049638
4.489228 0.049620
4.490881 0.049583
4.491987 0.049559
4.494275 0.049509
4.494420 0.049505
4.494952 0.049494
4.496288 0.049464
4.498157 0.049423
4.499459 0.049395
4.499778 0.049388
4.503565 0.049305
4.506497 0.049240
4.509515 0.049175
4.509564 0.049173
4.510018 0.049164
4.510523 0.049153
4.510975 0.049143
4.513140 0.049096
4.513444 0.049089
4.516639 0.049020
4.517614 0.048998
4.519155 0.048965
4.519449 0.048959
4.519543 0.048957
4.521318 0.048918
4.521775 0.048908
4.521821 0.048907
4.522806 0.048886
4.523484 0.048871
4.523916 0.048862
4.525727 0.048823
4.526035 0.048816
4.526918 0.048797
4.532266 0.048682
4.534004 0.048645
4.534830 0.048627
4.535162 0.048620
4.537703 0.048566
4.539523 0.048527
4.541108 0.048493
4.542871 0.048455
4.543275 0.048446
4.543791 0.048435
4.544583 0.048419
4.544587 0.048418
4.544767 0.048415
4.546309 0.048382
4.546598 0.048376
4.549379 0.048317
4.549706 0.048310
4.550918 0.048284
4.551381 0.048274
4.552461 0.048251
4.553750 0.048224
4.556620 0.048163
4.557763 0.048139
4.559676 0.048099
4.562624 0.048036
4.564139 0.048005
4.564698 0.047993
4.565037 0.047986
4.568182 0.047920
4.570888 0.047863
4.571922 0.047841
4.572275 0.047834
4.572459 0.047830
4.576918 0.047737
4.578824 0.047697
4.582169 0.047628
4.582805 0.047614
4.586053 0.047547
4.586107 0.047546
4.586864 0.047530
4.586995 0.047527
4.590010 0.047465
4.590141 0.047462
4.590322 0.047458
4.597920 0.047302
4.598107 0.047298
4.600133 0.047256
4.600194 0.047255
4.601859 0.047221
4.604208 0.047173
4.604245 0.047172
4.606758 0.047120
4.608518 0.047084
4.610149 0.047051
4.610588 0.047042
4.611519 0.047023
4.611709 0.047019
4.611828 0.047017
4.612319 0.047007
4.614085 0.046971
4.614557 0.046961
4.617470 0.046902
4.617737 0.046897
4.619671 0.046857
4.620290 0.046845
4.620781 0.046835
4.621136 0.046828
4.622268 0.046805
4.623337 0.046783
4.625664 0.046736
4.627429 0.046700
4.629789 0.046653
4.630530 0.046638
4.631551 0.046617
4.635719 0.046534
4.635972 0.046528
4.636635 0.046515
4.638713 0.046473
4.639506 0.046458
4.642348 0.046401
4.643038 0.046387
4.644570 0.046356
4.645483 0.046338
4.646864 0.046311
4.647403 0.046300
4.648237 0.046283
4.648248 0.046283
4.648834 0.046271
4.652439 0.046200
4.654640 0.046156
4.656677 0.046116
4.659275 0.046064
4.660151 0.046047
4.662057 0.046009
4.664157 0.045968
4.664960 0.045952
4.665603 0.045939
4.668232 0.045888
4.670239 0.045848
4.672422 0.045805
4.672733 0.045799
4.673202 0.045790
4.675368 0.045748
4.675434 0.045746
4.676968 0.045716
4.677428 0.045707
4.679399 0.045669
4.681889 0.045620
4.682261 0.045613
4.684781 0.045564
4.685226 0.045555
4.685554 0.045549
4.688116 0.045499
4.688501 0.045492
4.688608 0.045490
4.689111 0.045480
4.693249 0.045400
4.698132 0.045305
4.698357 0.045301
4.698621 0.045296
4.701675 0.045237
4.704276 0.045187
4.706736 0.045140
4.708713 0.045102
4.708769 0.045101
4.713611 0.045008
4.715750 0.044967
4.715857 0.044965
4.716225 0.044958
4.716648 0.044950
4.717328 0.044937
4.718832 0.044909
4.720474 0.044878
4.721299 0.044862
4.722224 0.044844
4.722872 0.044832
4.723632 0.044818
4.724905 0.044793
4.726090 0.044771
4.726331 0.044766
4.727294 0.044748
4.727676 0.044741
4.729411 0.044708
4.730897 0.044680
4.731602 0.044667
4.732182 0.044656
4.735458 0.044594
4.735482 0.044594
4.737249 0.044560
4.737588 0.044554
4.740002 0.044508
4.746067 0.044395
4.746722 0.044383
4.747083 0.044376
4.749279 0.044335
4.750494 0.044312
4.750842 0.044306
4.751605 0.044291
4.754731 0.044233
4.757341 0.044185
4.757787 0.044176
4.759623 0.044142
4.760316 0.044129
4.761783 0.044102
4.764057 0.044060
4.765035 0.044042
4.765125 0.044040
4.766924 0.044007
4.768456 0.043979
4.772353 0.043907
4.773155 0.043892
4.773243 0.043891
4.773614 0.043884
4.775458 0.043850
4.776220 0.043836
4.776528 0.043830
4.777912 0.043805
4.782018 0.043730
4.782367 0.043723
4.784037 0.043693
4.784760 0.043680
4.789293 0.043597
4.790611 0.043573
4.792612 0.043537
4.796987 0.043457
4.798179 0.043436
4.799808 0.043406
4.801579 0.043374
4.801639 0.043373
4.801874 0.043369
4.806465 0.043286
4.806571 0.043284
4.807710 0.043264
4.809468 0.043232
4.810003 0.043222
4.810231 0.043218
4.810926 0.043206
4.812257 0.043182
4.812556 0.043177
4.813469 0.043160
4.815604 0.043122
4.815612 0.043122
4.818213 0.043075
4.818632 0.043068
4.818873 0.043063
4.819938 0.043044
4.820773 0.043030
4.820969 0.043026
4.823061 0.042989
4.823177 0.042987
4.825272 0.042949
4.826225 0.042932
4.826280 0.042931
4.828127 0.042899
4.828254 0.042896
4.829601 0.042872
4.830187 0.042862
4.831017 0.042847
4.831174 0.042844
4.831261 0.042843
4.831399 0.042840
4.831898 0.042832
4.832041 0.042829
4.832493 0.042821
4.832496 0.042821
4.833602 0.042801
4.833943 0.042795
4.835928 0.042760
4.837524 0.042732
4.842324 0.042647
4.843439 0.042628
4.844367 0.042611
4.847905 0.042549
4.849177 0.042527
4.849992 0.042513
4.852902 0.042462
4.855000 0.042425
4.855524 0.042416
4.855724 0.042412
4.861809 0.042306
4.865521 0.042242
4.869747 0.042168
4.870032 0.042163
4.870592 0.042154
4.870855 0.042149
4.873981 0.042095
4.878389 0.042019
4.880842 0.041977
4.883414 0.041933
4.884009 0.041922
4.884110 0.041921
4.884901 0.041907
4.886207 0.041885
4.886935 0.041872
4.887026 0.041871
4.889234 0.041833
4.890599 0.041810
4.890771 0.041807
4.895168 0.041732
4.896342 0.041712
4.896489 0.041709
4.896799 0.041704
4.898835 0.041669
4.899288 0.041661
4.899587 0.041656
4.899985 0.041650
4.900416 0.041642
4.903706 0.041586
4.905593 0.041554
4.906837 0.041533
4.907747 0.041518
4.912279 0.041441
4.913463 0.041421
4.914408 0.041405
4.915408 0.041389
4.915791 0.041382
4.916120 0.041377
4.916220 0.041375
4.917764 0.041349
4.917801 0.041348
4.918003 0.041345
4.922592 0.041268
4.924447 0.041237
4.927722 0.041182
4.930083 0.041143
4.932203 0.041107
4.933379 0.041088
4.939192 0.040991
4.939666 0.040983
4.940168 0.040975
4.940684 0.040966
4.942452 0.040937
4.943854 0.040914
4.946673 0.040867
4.948114 0.040843
4.948723 0.040833
4.949259 0.040824
4.952884 0.040765
4.953197 0.040759
4.953398 0.040756
4.955320 0.040725
4.956192 0.040710
4.957391 0.040691
4.958311 0.040675
4.958843 0.040667
4.961162 0.040629
4.962153 0.040612
4.962522 0.040606
4.962683 0.040604
4.964160 0.040580
4.964397 0.040576
4.968332 0.040512
4.969531 0.040492
4.970100 0.040483
4.970534 0.040476
4.970922 0.040469
4.971929 0.040453
4.973596 0.040426
4.973911 0.040421
4.974360 0.040413
4.978382 0.040348
4.981770 0.040293
4.983522 0.040265
4.984122 0.040255
4.985111 0.040239
4.985261 0.040237
4.986739 0.040213
4.988535 0.040184
4.989339 0.040171
4.993714 0.040101
4.995447 0.040073
4.997288 0.040043
4.998371 0.040026
4.998933 0.040017
4.999500 0.040008
5.001149 0.039982
5.001547 0.039975
5.002608 0.039958
5.002659 0.039957
5.009613 0.039847
5.010476 0.039833
5.012534 0.039800
5.013437 0.039786
5.014638 0.039767
5.017803 0.039717
5.018072 0.039712
5.018683 0.039703
5.018977 0.039698
5.021718 0.039655
5.023480 0.039627
5.026441 0.039580
5.027413 0.039565
5.027836 0.039558
5.027862 0.039558
5.028095 0.039554
5.028486 0.039548
5.029838 0.039527
5.031540 0.039500
5.036192 0.039427
5.036228 0.039427
5.036695 0.039419
5.036752 0.039418
5.038349 0.039393
5.038428 0.039392
5.038467 0.039392
5.044245 0.039301
5.044436 0.039298
5.048991 0.039228
5.051531 0.039188
5.052291 0.039176
5.053757 0.039154
5.055830 0.039121
5.056756 0.039107
5.058911 0.039074
5.064262 0.038991
5.066982 0.038949
5.067654 0.038939
5.069118 0.038917
5.071317 0.038883
5.071325 0.038883
5.072873 0.038859
5.073103 0.038856
5.074287 0.038837
5.074966 0.038827
5.075792 0.038814
5.078430 0.038774
5.079724 0.038754
5.081038 0.038734
5.083037 0.038704
5.084118 0.038687
5.086236 0.038655
5.086459 0.038652
5.088591 0.038619
5.092656 0.038558
5.092860 0.038555
5.095742 0.038511
5.097812 0.038480
5.098410 0.038471
5.098440 0.038470
5.100180 0.038444
5.101083 0.038430
5.103426 0.038395
5.104672 0.038376
5.105689 0.038361
5.105945 0.038357
5.106308 0.038352
5.110505 0.038289
5.111347 0.038276
5.111864 0.038269
5.113348 0.038246
5.115394 0.038216
5.118187 0.038174
5.121262 0.038128
5.122426 0.038111
5.126084 0.038056
5.127192 0.038040
5.127198 0.038040
5.131675 0.037974
5.132672 0.037959
5.133856 0.037941
5.135136 0.037922
5.135599 0.037916
5.135615 0.037915
5.136610 0.037901
5.140767 0.037839
5.143334 0.037802
5.149152 0.037716
5.149387 0.037713
5.149825 0.037706
5.150146 0.037702
5.150307 0.037699
5.152186 0.037672
5.152326 0.037670
5.153989 0.037645
5.157833 0.037589
5.160746 0.037547
5.163312 0.037510
5.163990 0.037500
5.165407 0.037479
5.165419 0.037479
5.165548 0.037477
5.165737 0.037474
5.166175 0.037468
5.173319 0.037365
5.174084 0.037354
5.176265 0.037322
5.176741 0.037315
5.179284 0.037279
5.180611 0.037260
5.183259 0.037222
5.186952 0.037169
5.187050 0.037167
5.188925 0.037140
5.189248 0.037136
5.191045 0.037110
5.191196 0.037108
5.191782 0.037099
5.192533 0.037089
5.193455 0.037076
5.196060 0.037038
5.196902 0.037026
5.198255 0.037007
5.198771 0.037000
5.201188 0.036965
5.201703 0.036958
5.204003 0.036925
5.205593 0.036903
5.206236 0.036894
5.206716 0.036887
5.206771 0.036886
5.208988 0.036855
5.209849 0.036843
5.210896 0.036828
5.211382 0.036821
5.211634 0.036817
5.211658 0.036817
5.214494 0.036777
5.217308 0.036737
5.217858 0.036730
5.218026 0.036727
5.219386 0.036708
5.220348 0.036695
5.220499 0.036692
5.221719 0.036675
5.222197 0.036669
5.225034 0.036629
5.225037 0.036629
5.226363 0.036610
5.227034 0.036601
5.227113 0.036600
5.228155 0.036585
5.229926 0.036560
5.234841 0.036492
5.235394 0.036484
5.235734 0.036479
5.237213 0.036459
5.238110 0.036446
5.239326 0.036429
5.243678 0.036369
5.244945 0.036351
5.245878 0.036338
5.246546 0.036329
5.248404 0.036303
5.248558 0.036301
5.248584 0.036301
5.249862 0.036283
5.250560 0.036273
5.251982 0.036254
5.254130 0.036224
5.254163 0.036224
5.255439 0.036206
5.256676 0.036189
5.258198 0.036168
5.258590 0.036163
5.258999 0.036157
5.260054 0.036143
5.262216 0.036113
5.266698 0.036051
5.266752 0.036051
5.266929 0.036048
5.267967 0.036034
5.269392 0.036015
5.271835 0.035981
5.274067 0.035951
5.274905 0.035939
5.275376 0.035933
5.278355 0.035892
5.280008 0.035870
5.283104 0.035828
5.283185 0.035827
5.284690 0.035806
5.287091 0.035774
5.289799 0.035737
5.290707 0.035725
5.293877 0.035682
5.294228 0.035678
5.295469 0.035661
5.299889 0.035601
5.302610 0.035565
5.302904 0.035561
5.303443 0.035554
5.306694 0.035510
5.307050 0.035505
5.307885 0.035494
5.308220 0.035490
5.308586 0.035485
5.310174 0.035464
5.311758 0.035442
5.312206 0.035436
5.314517 0.035406
5.315573 0.035392
5.315815 0.035388
5.316563 0.035378
5.321216 0.035317
5.321706 0.035310
5.324499 0.035273
5.325959 0.035254
5.326145 0.035251
5.326696 0.035244
5.327039 0.035239
5.327230 0.035237
5.328577 0.035219
5.331400 0.035182
5.333817 0.035150
5.334185 0.035145
5.334700 0.035138
5.335957 0.035122
5.336626 0.035113
5.336712 0.035112
5.336737 0.035111
5.338405 0.035089
5.338415 0.035089
5.339031 0.035081
5.339881 0.035070
5.343357 0.035024
5.344401 0.035011
5.345425 0.034997
5.345529 0.034996
5.346822 0.034979
5.347074 0.034976
5.347219 0.034974
5.348986 0.034951
5.352682 0.034903
5.352964 0.034899
5.358897 0.034822
5.360604 0.034799
5.360931 0.034795
5.363539 0.034761
5.372751 0.034642
5.373392 0.034634
5.375003 0.034613
5.380471 0.034543
5.380608 0.034541
5.381533 0.034529
5.383623 0.034503
5.383646 0.034502
5.385073 0.034484
5.385677 0.034476
5.387018 0.034459
5.389868 0.034423
5.393111 0.034381
5.393264 0.034379
5.393651 0.034374
5.393826 0.034372
5.394220 0.034367
5.394470 0.034364
5.395708 0.034348
5.397484 0.034326
5.398533 0.034312
5.403005 0.034255
5.403892 0.034244
5.407654 0.034197
5.408336 0.034188
5.409856 0.034169
5.409998 0.034167
5.410425 0.034162
5.411901 0.034143
5.414139 0.034115
5.414399 0.034111
5.414737 0.034107
5.415450 0.034098
5.418106 0.034065
5.418460 0.034060
5.419352 0.034049
5.419739 0.034044
5.421229 0.034025
5.421404 0.034023
5.422185 0.034014
5.424965 0.033979
5.426280 0.033962
5.428145 0.033939
5.428934 0.033929
5.430877 0.033905
5.431302 0.033899
5.434308 0.033862
5.434625 0.033858
5.436596 0.033833
5.440932 0.033780
5.442163 0.033764
5.443020 0.033754
5.443052 0.033753
5.443715 0.033745
5.443874 0.033743
5.443947 0.033742
5.444263 0.033738
5.444409 0.033736
5.445383 0.033724
5.449316 0.033676
5.449629 0.033672
5.451349 0.033651
5.451608 0.033647
5.455147 0.033604
5.459791 0.033547
5.466815 0.033460
5.468828 0.033436
5.469388 0.033429
5.470032 0.033421
5.474731 0.033364
5.476596 0.033341
5.477543 0.033329
5.479102 0.033311
5.480247 0.033297
5.481160 0.033286
5.483611 0.033256
5.486314 0.033223
5.487573 0.033208
5.488095 0.033201
5.490640 0.033171
5.492664 0.033146
5.493978 0.033130
5.494468 0.033124
5.494533 0.033124
5.494572 0.033123
5.497295 0.033090
5.497338 0.033090
5.498106 0.033081
5.500222 0.033055
5.501986 0.033034
5.503327 0.033018
5.504228 0.033007
5.504742 0.033001
5.505699 0.032989
5.506404 0.032981
5.507038 0.032973
5.510522 0.032932
5.511183 0.032924
5.511873 0.032916
5.512639 0.032906
5.519193 0.032828
5.520627 0.032811
5.521518 0.032801
5.524481 0.032766
5.524837 0.032761
5.525568 0.032753
5.527344 0.032732
5.527559 0.032729
5.528105 0.032723
5.530385 0.032696
5.531174 0.032686
5.533030 0.032664
5.533495 0.032659
5.533713 0.032656
5.535945 0.032630
5.536534 0.032623
5.537050 0.032617
5.538262 0.032603
5.539251 0.032591
5.540223 0.032580
5.540500 0.032576
5.541193 0.032568
5.541515 0.032564
5.542232 0.032556
5.543222 0.032544
5.543733 0.032538
5.544197 0.032533
5.545752 0.032515
5.548400 0.032484
5.550949 0.032454
5.556309 0.032391
5.556741 0.032386
5.556911 0.032384
5.557383 0.032379
5.557801 0.032374
5.559552 0.032353
5.561485 0.032331
5.562429 0.032320
5.565392 0.032286
5.569375 0.032239
5.570444 0.032227
5.571119 0.032219
5.571600 0.032214
5.574133 0.032184
5.574383 0.032182
5.574984 0.032175
5.576822 0.032153
5.577078 0.032150
5.577296 0.032148
5.578014 0.032140
5.578028 0.032139
5.579080 0.032127
5.585361 0.032055
5.588309 0.032021
5.592246 0.031976
5.592742 0.031971
5.593921 0.031957
5.597186 0.031920
5.598362 0.031906
5.598619 0.031903
5.599203 0.031897
5.600415 0.031883
5.601438 0.031871
5.603147 0.031852
5.603151 0.031852
5.603300 0.031850
5.607867 0.031798
5.608088 0.031796
5.609469 0.031780
5.609640 0.031778
5.611488 0.031757
5.611975 0.031752
5.612886 0.031742
5.615967 0.031707
5.616472 0.031701
5.616699 0.031698
5.616840 0.031697
5.617005 0.031695
5.619569 0.031666
5.620415 0.031657
5.620856 0.031652
5.620955 0.031650
5.621443 0.031645
5.622050 0.031638
5.622186 0.031637
5.622787 0.031630
5.623559 0.031621
5.623855 0.031618
5.625332 0.031601
5.625827 0.031596
5.627035 0.031582
5.627753 0.031574
5.634695 0.031496
5.635815 0.031484
5.635945 0.031482
5.639396 0.031444
5.640524 0.031431
5.641304 0.031423
5.644237 0.031390
5.644789 0.031384
5.648594 0.031341
5.649829 0.031328
5.653321 0.031289
5.654421 0.031277
5.656495 0.031254
5.657510 0.031243
5.657858 0.031239
5.657970 0.031238
5.658902 0.031227
5.659436 0.031221
5.660098 0.031214
5.662126 0.031192
5.664889 0.031161
5.665527 0.031154
5.666131 0.031148
5.666667 0.031142
5.667457 0.031133
5.669260 0.031113
5.669487 0.031111
5.670412 0.031101
5.671023 0.031094
5.672083 0.031082
5.673083 0.031071
5.675169 0.031049
5.675234 0.031048
5.681054 0.030984
5.681867 0.030975
5.682171 0.030972
5.683434 0.030958
5.685572 0.030935
5.691085 0.030875
5.691121 0.030875
5.691633 0.030869
5.692269 0.030862
5.695468 0.030828
5.697710 0.030803
5.698629 0.030794
5.700160 0.030777
5.706322 0.030711
5.706698 0.030706
5.707236 0.030701
5.708672 0.030685
5.709501 0.030676
5.710448 0.030666
5.711899 0.030651
5.713050 0.030638
5.713386 0.030635
5.713450 0.030634
5.715447 0.030613
5.715998 0.030607
5.716319 0.030603
5.720960 0.030554
5.720988 0.030553
5.721506 0.030548
5.722793 0.030534
5.726704 0.030492
5.729829 0.030459
5.732413 0.030432
5.732723 0.030428
5.733200 0.030423
5.736767 0.030385
5.739158 0.030360
5.739769 0.030354
5.740225 0.030349
5.744157 0.030307
5.746548 0.030282
5.748375 0.030263
5.749266 0.030253
5.749868 0.030247
5.750293 0.030243
5.750302 0.030243
5.750409 0.030241
5.755259 0.030190
5.755816 0.030185
5.760035 0.030140
5.760076 0.030140
5.760411 0.030137
5.760973 0.030131
5.763129 0.030108
5.764865 0.030090
5.767638 0.030061
5.769170 0.030045
5.769397 0.030043
5.771375 0.030022
5.771663 0.030019
5.771954 0.030016
5.772758 0.030008
5.773717 0.029998
5.778310 0.029950
5.779030 0.029943
5.780946 0.029923
5.782954 0.029902
5.784114 0.029890
5.785948 0.029871
5.786175 0.029869
5.786797 0.029862
5.786806 0.029862
5.787560 0.029854
5.787616 0.029854
5.790796 0.029821
5.792930 0.029799
5.793590 0.029792
5.793815 0.029790
5.795697 0.029771
5.798254 0.029744
5.801482 0.029711
5.802226 0.029704
5.803147 0.029694
5.805506 0.029670
5.812535 0.029598
5.815974 0.029563
5.817523 0.029548
5.819105 0.029532
5.823784 0.029484
5.825743 0.029464
5.825772 0.029464
5.826310 0.029459
5.827786 0.029444
5.833319 0.029388
5.833345 0.029388
5.834455 0.029376
5.834685 0.029374
5.835657 0.029364
5.836866 0.029352
5.837804 0.029343
5.839647 0.029324
5.841084 0.029310
5.843687 0.029284
5.843794 0.029283
5.844106 0.029280
5.845498 0.029266
5.845690 0.029264
5.846974 0.029251
5.849451 0.029226
5.849857 0.029222
5.852465 0.029196
5.852594 0.029195
5.854854 0.029172
5.856065 0.029160
5.856324 0.029157
5.857491 0.029146
5.859112 0.029130
5.859629 0.029125
5.860303 0.029118
5.860799 0.029113
5.861175 0.029109
5.862190 0.029099
5.863045 0.029091
5.863711 0.029084
5.863964 0.029082
5.864501 0.029076
5.865776 0.029064
5.866001 0.029061
5.866501 0.029056
5.867239 0.029049
5.868014 0.029041
5.868928 0.029032
5.872336 0.028999
5.872887 0.028993
5.874822 0.028974
5.875211 0.028970
5.876554 0.028957
5.877149 0.028951
5.877642 0.028946
5.879011 0.028933
5.879081 0.028932
5.880494 0.028918
5.882928 0.028894
5.883544 0.028888
5.884253 0.028881
5.888009 0.028845
5.897262 0.028754
5.897899 0.028748
5.899147 0.028736
5.899214 0.028735
5.899669 0.028731
5.901553 0.028712
5.901802 0.028710
5.903612 0.028692
5.906245 0.028667
5.906800 0.028661
5.906950 0.028660
5.908701 0.028643
5.909552 0.028635
5.909751 0.028633
5.910671 0.028624
5.913131 0.028600
5.915808 0.028574
5.916448 0.028568
5.917901 0.028554
5.919767 0.028536
5.920339 0.028530
5.920427 0.028529
5.922941 0.028505
5.923232 0.028502
5.923683 0.028498
5.924928 0.028486
5.925551 0.028480
5.927282 0.028464
5.927970 0.028457
5.928681 0.028450
5.931210 0.028426
5.932340 0.028415
5.932938 0.028409
5.933060 0.028408
5.933522 0.028404
5.935842 0.028381
5.936253 0.028378
5.939646 0.028345
5.941430 0.028328
5.942581 0.028317
5.942713 0.028316
5.947184 0.028273
5.948162 0.028264
5.948829 0.028258
5.949210 0.028254
5.949872 0.028248
5.951050 0.028237
5.952845 0.028220
5.956082 0.028189
5.957462 0.028176
5.957922 0.028172
5.960391 0.028148
5.961697 0.028136
5.965188 0.028103
5.966362 0.028092
5.968046 0.028076
5.968186 0.028075
5.968909 0.028068
5.971188 0.028046
5.972897 0.028030
5.974296 0.028017
5.974387 0.028016
5.977384 0.027988
5.979106 0.027972
5.979378 0.027970
5.983043 0.027935
5.986009 0.027908
5.987150 0.027897
5.987739 0.027892
5.992142 0.027851
5.992940 0.027843
5.993531 0.027838
5.995721 0.027817
5.995777 0.027817
5.997721 0.027799
6.000145 0.027776
6.002534 0.027754
6.003012 0.027750
6.003754 0.027743
6.008010 0.027704
6.008127 0.027703
6.009842 0.027687
6.014811 0.027641
6.015022 0.027639
6.020576 0.027588
6.021988 0.027575
6.022565 0.027570
6.022664 0.027569
6.025065 0.027547
6.026966 0.027530
6.028334 0.027517
6.029514 0.027507
6.031761 0.027486
6.032862 0.027476
6.032950 0.027475
6.034307 0.027463
6.037900 0.027430
6.038444 0.027425
6.039971 0.027411
6.042358 0.027390
6.043105 0.027383
6.044386 0.027371
6.045332 0.027363
6.046759 0.027350
6.048611 0.027333
6.048687 0.027332
6.048871 0.027331
6.048983 0.027330
6.051178 0.027310
6.051528 0.027307
6.052955 0.027294
6.053995 0.027284
6.056719 0.027260
6.056746 0.027260
6.060930 0.027222
6.062142 0.027211
6.067745 0.027161
6.067794 0.027161
6.070875 0.027133
6.073560 0.027109
6.075028 0.027096
6.075270 0.027094
6.075270 0.027094
6.075574 0.027091
6.077123 0.027077
6.078842 0.027062
6.082190 0.027032
6.082398 0.027030
6.086935 0.026990
6.087389 0.026986
6.087925 0.026981
6.088611 0.026975
6.091469 0.026950
6.093360 0.026933
6.093569 0.026931
6.094601 0.026922
6.098529 0.026887
6.099008 0.026883
6.100210 0.026873
6.100218 0.026873
6.102143 0.026856
6.102765 0.026850
6.103032 0.026848
6.103993 0.026839
6.104092 0.026838
6.106655 0.026816
6.108234 0.026802
6.109891 0.026788
6.110051 0.026786
6.110257 0.026784
6.113109 0.026759
6.113595 0.026755
6.114185 0.026750
6.114420 0.026748
6.114434 0.026748
6.116435 0.026730
6.118082 0.026716
6.118810 0.026710
6.120554 0.026694
6.120627 0.026694
6.123696 0.026667
6.124134 0.026663
6.124672 0.026658
6.125201 0.026654
6.125289 0.026653
6.128707 0.026623
6.128889 0.026622
6.130081 0.026611
6.130578 0.026607
6.131253 0.026601
6.131471 0.026599
6.133907 0.026578
6.135671 0.026563
6.135876 0.026561
6.138765 0.026536
6.138963 0.026534
6.139369 0.026531
6.139530 0.026530
6.141448 0.026513
6.142670 0.026502
6.144169 0.026489
6.146059 0.026473
6.148651 0.026451
6.149800 0.026441
6.150049 0.026439
6.150239 0.026437
6.150577 0.026434
6.151073 0.026430
6.151323 0.026428
6.151978 0.026422
6.152180 0.026421
6.153687 0.026408
6.154319 0.026402
6.157506 0.026375
6.157663 0.026374
6.159246 0.026360
6.159556 0.026357
6.160606 0.026348
6.160816 0.026347
6.164277 0.026317
6.165912 0.026303
6.165981 0.026302
6.167400 0.026290
6.168051 0.026285
6.169623 0.026271
6.171128 0.026259
6.173254 0.026240
6.175600 0.026221
6.177504 0.026204
6.177545 0.026204
6.177884 0.026201
6.179517 0.026187
6.180080 0.026183
6.181186 0.026173
6.181311 0.026172
6.184130 0.026148
6.186312 0.026130
6.189711 0.026101
6.189871 0.026100
6.193525 0.026069
6.196016 0.026048
6.196917 0.026040
6.198338 0.026029
6.198757 0.026025
6.200712 0.026009
6.202085 0.025997
6.202614 0.025993
6.204118 0.025980
6.205898 0.025965
6.205988 0.025964
6.206611 0.025959
6.207275 0.025954
6.209851 0.025932
6.213256 0.025904
6.213907 0.025898
6.214727 0.025891
6.216341 0.025878
6.216955 0.025873
6.217392 0.025869
6.218347 0.025861
6.218412 0.025861
6.219237 0.025854
6.219695 0.025850
6.220360 0.025845
6.224069 0.025814
6.225259 0.025804
6.228196 0.025780
6.228328 0.025778
6.231266 0.025754
6.231533 0.025752
6.231620 0.025751
6.234458 0.025728
6.234559 0.025727
6.235837 0.025716
6.235911 0.025716
6.236149 0.025714
6.239811 0.025684
6.241206 0.025672
6.243089 0.025657
6.243789 0.025651
6.244649 0.025644
6.244902 0.025642
6.245607 0.025636
6.245625 0.025636
6.245869 0.025634
6.247144 0.025623
6.248079 0.025616
6.249245 0.025606
6.251515 0.025588
6.256700 0.025545
6.257563 0.025538
6.259563 0.025522
6.260282 0.025516
6.260397 0.025515
6.260658 0.025513
6.262454 0.025498
6.262868 0.025495
6.263349 0.025491
6.263875 0.025487
6.263901 0.025487
6.266029 0.025469
6.268143 0.025452
6.268877 0.025446
6.269736 0.025439
6.270378 0.025434
6.272274 0.025419
6.273061 0.025412
6.275738 0.025390
6.275866 0.025389
6.275934 0.025389
6.276321 0.025386
6.276843 0.025382
6.278289 0.025370
6.279446 0.025360
6.280138 0.025355
6.281443 0.025344
6.284074 0.025323
6.284447 0.025320
6.288710 0.025286
6.290016 0.025275
6.292710 0.025254
6.294544 0.025239
6.295201 0.025234
6.297284 0.025217
6.297713 0.025214
6.299294 0.025201
6.299672 0.025198
6.302307 0.025177
6.304064 0.025163
6.304875 0.025156
6.305185 0.025154
6.305352 0.025153
6.306679 0.025142
6.307406 0.025136
6.307550 0.025135
6.307807 0.025133
6.309499 0.025119
6.309521 0.025119
6.310276 0.025113
6.312056 0.025099
6.314072 0.025083
6.314456 0.025080
6.315012 0.025076
6.315375 0.025073
6.317613 0.025055
6.320786 0.025030
6.321736 0.025022
6.323889 0.025005
6.324617 0.025000
6.327023 0.024981
6.327418 0.024977
6.328134 0.024972
6.332715 0.024936
6.332987 0.024933
6.334161 0.024924
6.334707 0.024920
6.334927 0.024918
6.335723 0.024912
6.336874 0.024903
6.337044 0.024902
6.337604 0.024897
6.339287 0.024884
6.339761 0.024880
6.341579 0.024866
6.342765 0.024857
6.343043 0.024854
6.348296 0.024813
6.349464 0.024804
6.352036 0.024784
6.352585 0.024780
6.353201 0.024775
6.355821 0.024755
6.357498 0.024742
6.358832 0.024731
6.359094 0.024729
6.361433 0.024711
6.365967 0.024676
6.367114 0.024667
6.370425 0.024641
6.371182 0.024635
6.371863 0.024630
6.371888 0.024630
6.374752 0.024608
6.378439 0.024579
6.379001 0.024575
6.379769 0.024569
6.379776 0.024569
6.380319 0.024565
6.380440 0.024564
6.380827 0.024561
6.381010 0.024560
6.381350 0.024557
6.382037 0.024552
6.383390 0.024541
6.385466 0.024525
6.387595 0.024509
6.388872 0.024499
6.388997 0.024498
6.390814 0.024484
6.391925 0.024476
6.394474 0.024456
6.394594 0.024455
6.396731 0.024439
6.397047 0.024437
6.398904 0.024422
6.399950 0.024414
6.401174 0.024405
6.402304 0.024396
6.402639 0.024394
6.406389 0.024365
6.407815 0.024355
6.408318 0.024351
6.410638 0.024333
6.412745 0.024317
6.412766 0.024317
6.412988 0.024315
6.414254 0.024306
6.414996 0.024300
6.415150 0.024299
6.417410 0.024282
6.419694 0.024265
6.420743 0.024257
6.421716 0.024249
6.422345 0.024244
6.422704 0.024242
6.422821 0.024241
6.423383 0.024237
6.425110 0.024224
6.425322 0.024222
6.425434 0.024221
6.428720 0.024196
6.431493 0.024176
6.433164 0.024163
6.437233 0.024132
6.438712 0.024121
6.439083 0.024119
6.439157 0.024118
6.439372 0.024116
6.440631 0.024107
6.442693 0.024092
6.443708 0.024084
6.445411 0.024071
6.447292 0.024057
6.448651 0.024047
6.448665 0.024047
6.452489 0.024018
6.454767 0.024002
6.455018 0.024000
6.458041 0.023977
6.458519 0.023974
6.460162 0.023961
6.460216 0.023961
6.460760 0.023957
6.462730 0.023942
6.463753 0.023935
6.464643 0.023928
6.464702 0.023928
6.467833 0.023905
6.468489 0.023900
6.472219 0.023872
6.473515 0.023863
6.474735 0.023854
6.474920 0.023852
6.476221 0.023843
6.478273 0.023828
6.481226 0.023806
6.482607 0.023796
6.484944 0.023779
6.486998 0.023764
6.487020 0.023763
6.487418 0.023761
6.487572 0.023759
6.488023 0.023756
6.488783 0.023751
6.492009 0.023727
6.492314 0.023725
6.494075 0.023712
6.496099 0.023697
6.496936 0.023691
6.497797 0.023685
6.498111 0.023682
6.501226 0.023660
6.501549 0.023657
6.502605 0.023650
6.503713 0.023642
6.504029 0.023639
6.504603 0.023635
6.506019 0.023625
6.510593 0.023592
6.512025 0.023581
6.512293 0.023579
6.512527 0.023578
6.512809 0.023576
6.517207 0.023544
6.518852 0.023532
6.518972 0.023531
6.519027 0.023531
6.519333 0.023528
6.519495 0.023527
6.521196 0.023515
6.522777 0.023504
6.523696 0.023497
6.524077 0.023494
6.524317 0.023493
6.526221 0.023479
6.527984 0.023466
6.530634 0.023447
6.534297 0.023421
6.535139 0.023415
6.538075 0.023394
6.538692 0.023389
6.539875 0.023381
6.541018 0.023373
6.541034 0.023373
6.541242 0.023371
6.541451 0.023370
6.544818 0.023346
6.545377 0.023342
6.546073 0.023337
6.547233 0.023328
6.547551 0.023326
6.551443 0.023298
6.553161 0.023286
6.554594 0.023276
6.555221 0.023272
6.559106 0.023244
6.559334 0.023242
6.560757 0.023232
6.561371 0.023228
6.562990 0.023216
6.563322 0.023214
6.565614 0.023198
6.566639 0.023191
6.567833 0.023182
6.571919 0.023153
6.572946 0.023146
6.573327 0.023144
6.573801 0.023140
6.574926 0.023132
6.577460 0.023114
6.580089 0.023096
6.582529 0.023079
6.584533 0.023065
6.585315 0.023059
6.585682 0.023057
6.586124 0.023054
6.588772 0.023035
6.589118 0.023033
6.589312 0.023031
6.591474 0.023016
6.591902 0.023013
6.593530 0.023002
6.594031 0.022998
6.594743 0.022993
6.598096 0.022970
6.600064 0.022956
6.601358 0.022947
6.602948 0.022936
6.602971 0.022936
6.609936 0.022888
6.611352 0.022878
6.613057 0.022866
6.613700 0.022862
6.614300 0.022858
6.615119 0.022852
6.615119 0.022852
6.617459 0.022836
6.617671 0.022834
6.617883 0.022833
6.619395 0.022823
6.620569 0.022814
6.620810 0.022813
6.621411 0.022809
6.621963 0.022805
6.622172 0.022803
6.623035 0.022797
6.625902 0.022778
6.625960 0.022777
6.628229 0.022762
6.628716 0.022758
6.629224 0.022755
6.629661 0.022752
6.629671 0.022752
6.630489 0.022746
6.631909 0.022736
6.635467 0.022712
6.638806 0.022689
6.642202 0.022666
6.642230 0.022666
6.642343 0.022665
6.642582 0.022663
6.644032 0.022654
6.649876 0.022614
6.651312 0.022604
6.651550 0.022602
6.651884 0.022600
6.652773 0.022594
6.655657 0.022574
6.656285 0.022570
6.659888 0.022546
6.659986 0.022545
6.660546 0.022541
6.660960 0.022539
6.662984 0.022525
6.663134 0.022524
6.664497 0.022515
6.665142 0.022510
6.668043 0.022491
6.668712 0.022486
6.669001 0.022484
6.673285 0.022455
6.676785 0.022432
6.677569 0.022427
6.678243 0.022422
6.679740 0.022412
6.680287 0.022408
6.681273 0.022402
6.683985 0.022384
6.684015 0.022383
6.684510 0.022380
6.686395 0.022367
6.686737 0.022365
6.688067 0.022356
6.688442 0.022354
6.691997 0.022330
6.692557 0.022326
6.693210 0.022322
6.694080 0.022316
6.695030 0.022310
6.697126 0.022296
6.698001 0.022290
6.698656 0.022286
6.699179 0.022282
6.700211 0.022275
6.700946 0.022270
6.702838 0.022258
6.703552 0.022253
6.707585 0.022226
6.708484 0.022220
6.710595 0.022206
6.711778 0.022199
6.712461 0.022194
6.713330 0.022188
6.718185 0.022156
6.718515 0.022154
6.719269 0.022149
6.719281 0.022149
6.720359 0.022142
6.720872 0.022139
6.721370 0.022135
6.722494 0.022128
6.723200 0.022123
6.724673 0.022114
6.726114 0.022104
6.727636 0.022094
6.728370 0.022089
6.730712 0.022074
6.733177 0.022058
6.734733 0.022047
6.734977 0.022046
6.735110 0.022045
6.737731 0.022028
6.737801 0.022027
6.738029 0.022026
6.738136 0.022025
6.739011 0.022020
6.741325 0.022004
6.743557 0.021990
6.743882 0.021988
6.745486 0.021977
6.747234 0.021966
6.747617 0.021963
6.749352 0.021952
6.750963 0.021942
6.751599 0.021937
6.754510 0.021919
6.755781 0.021910
6.757645 0.021898
6.757794 0.021897
6.757920 0.021896
6.761951 0.021870
6.762637 0.021866
6.764215 0.021856
6.765208 0.021849
6.765331 0.021849
6.766935 0.021838
6.777040 0.021773
6.779651 0.021756
6.782223 0.021740
6.783061 0.021734
6.784164 0.021727
6.784789 0.021723
6.784965 0.021722
6.785404 0.021719
6.786173 0.021715
6.787380 0.021707
6.787569 0.021706
6.787593 0.021705
6.787635 0.021705
6.789745 0.021692
6.791204 0.021682
6.791739 0.021679
6.793898 0.021665
6.796724 0.021647
6.798158 0.021638
6.798435 0.021636
6.798837 0.021634
6.802046 0.021613
6.802295 0.021612
6.804231 0.021599
6.805805 0.021589
6.806535 0.021585
6.808789 0.021571
6.814789 0.021533
6.815741 0.021527
6.815954 0.021525
6.816778 0.021520
6.816867 0.021519
6.817191 0.021517
6.817623 0.021515
6.817734 0.021514
6.819329 0.021504
6.822487 0.021484
6.823097 0.021480
6.824716 0.021470
6.825603 0.021464
6.826626 0.021458
6.827917 0.021450
6.828025 0.021449
6.828902 0.021444
6.830117 0.021436
6.830131 0.021436
6.830932 0.021431
6.831238 0.021429
6.831914 0.021425
6.833852 0.021413
6.836996 0.021393
6.838985 0.021380
6.839557 0.021377
6.840105 0.021373
6.841414 0.021365
6.842667 0.021357
6.843759 0.021351
6.845367 0.021341
6.846841 0.021331
6.850134 0.021311
6.851506 0.021302
6.851698 0.021301
6.852344 0.021297
6.855091 0.021280
6.856682 0.021270
6.857414 0.021266
6.865201 0.021217
6.865391 0.021216
6.868433 0.021198
6.868742 0.021196
6.872180 0.021174
6.872495 0.021172
6.872896 0.021170
6.872970 0.021170
6.873588 0.021166
6.875496 0.021154
6.876508 0.021148
6.876523 0.021148
6.876789 0.021146
6.877379 0.021142
6.877645 0.021141
6.881049 0.021120
6.884195 0.021101
6.884810 0.021097
6.886216 0.021088
6.888773 0.021073
6.889271 0.021069
6.891488 0.021056
6.893829 0.021042
6.894298 0.021039
6.894319 0.021039
6.898454 0.021013
6.899675 0.021006
6.899975 0.021004
6.902613 0.020988
6.903147 0.020985
6.904067 0.020979
6.905936 0.020968
6.906869 0.020962
6.907068 0.020961
6.907093 0.020961
6.907463 0.020959
6.907488 0.020958
6.908780 0.020951
6.908913 0.020950
6.909617 0.020946
6.911600 0.020934
6.913978 0.020919
6.915139 0.020912
6.917539 0.020898
6.917722 0.020897
6.917810 0.020896
6.921045 0.020876
6.921117 0.020876
6.921131 0.020876
6.922543 0.020867
6.924282 0.020857
6.924433 0.020856
6.926125 0.020846
6.928214 0.020833
6.933244 0.020803
6.937934 0.020775
6.937986 0.020775
6.941084 0.020756
6.941105 0.020756
6.942221 0.020749
6.942522 0.020747
6.942554 0.020747
6.946310 0.020725
6.946893 0.020721
6.949100 0.020708
6.952625 0.020687
6.953162 0.020684
6.954231 0.020678
6.955224 0.020672
6.958581 0.020652
6.961740 0.020633
6.964824 0.020615
6.966281 0.020606
6.967978 0.020596
6.968119 0.020595
6.971007 0.020578
6.971341 0.020576
6.973059 0.020566
6.973406 0.020564
6.975466 0.020552
6.978835 0.020532
6.978883 0.020532
6.979817 0.020526
6.982327 0.020512
6.989369 0.020470
6.990660 0.020463
6.990706 0.020462
6.993115 0.020448
6.994277 0.020442
6.994574 0.020440
6.995424 0.020435
6.996235 0.020430
6.997128 0.020425
7.001264 0.020401
7.003119 0.020390
7.005358 0.020377
7.006631 0.020370
7.007992 0.020362
7.009576 0.020352
7.015412 0.020319
7.016245 0.020314
7.018440 0.020301
7.020247 0.020291
7.020400 0.020290
7.020710 0.020288
7.024331 0.020267
7.025181 0.020262
7.026194 0.020256
7.026369 0.020255
7.026955 0.020252
7.028174 0.020245
7.029397 0.020238
7.030124 0.020234
7.031924 0.020223
7.034498 0.020208
7.034518 0.020208
7.035315 0.020204
7.036477 0.020197
7.038923 0.020183
7.040849 0.020172
7.045584 0.020145
7.047540 0.020134
7.048386 0.020129
7.049015 0.020125
7.050913 0.020115
7.052966 0.020103
7.053008 0.020103
7.054963 0.020091
7.054996 0.020091
7.056889 0.020080
7.059551 0.020065
7.062508 0.020049
7.062781 0.020047
7.063166 0.020045
7.064038 0.020040
7.065296 0.020033
7.065301 0.020033
7.065346 0.020032
7.065347 0.020032
7.066420 0.020026
7.070908 0.020001
7.071645 0.019997
7.075407 0.019975
7.079170 0.019954
7.079528 0.019952
7.080912 0.019944
7.083131 0.019932
7.083370 0.019931
7.083637 0.019929
7.085637 0.019918
7.089772 0.019895
7.089961 0.019894
7.092110 0.019881
7.092552 0.019879
7.092927 0.019877
7.096028 0.019860
7.097322 0.019852
7.097622 0.019851
7.102084 0.019826
7.102841 0.019821
7.105529 0.019806
7.106509 0.019801
7.108129 0.019792
7.108778 0.019788
7.109278 0.019786
7.109560 0.019784
7.109812 0.019783
7.109999 0.019782
7.110663 0.019778
7.111140 0.019775
7.111281 0.019774
7.112936 0.019765
7.113266 0.019763
7.114444 0.019757
7.117579 0.019739
7.118658 0.019733
7.119596 0.019728
7.119709 0.019728
7.120922 0.019721
7.121784 0.019716
7.122248 0.019714
7.124486 0.019701
7.126506 0.019690
7.126792 0.019688
7.129044 0.019676
7.132657 0.019656
7.132747 0.019656
7.133288 0.019653
7.134023 0.019649
7.135871 0.019638
7.138788 0.019622
7.140099 0.019615
7.146712 0.019579
7.147156 0.019576
7.148868 0.019567
7.149232 0.019565
7.149371 0.019564
7.151985 0.019550
7.152041 0.019550
7.153283 0.019543
7.153553 0.019541
7.154637 0.019536
7.155254 0.019532
7.156533 0.019525
7.156703 0.019524
7.161100 0.019500
7.162293 0.019494
7.163977 0.019485
7.164921 0.019479
7.164931 0.019479
7.165685 0.019475
7.165947 0.019474
7.167502 0.019465
7.170236 0.019451
7.170274 0.019450
7.171642 0.019443
7.171861 0.019442
7.173122 0.019435
7.173698 0.019432
7.175882 0.019420
7.176107 0.019419
7.176187 0.019418
7.176532 0.019416
7.177100 0.019413
7.177490 0.019411
7.177732 0.019410
7.179033 0.019403
7.182026 0.019387
7.182175 0.019386
7.184332 0.019374
7.184827 0.019372
7.188763 0.019350
7.189164 0.019348
7.189859 0.019345
7.194005 0.019322
7.197979 0.019301
7.198070 0.019300
7.199286 0.019294
7.199544 0.019293
7.200420 0.019288
7.205303 0.019262
7.206379 0.019256
7.207460 0.019250
7.208101 0.019247
7.208360 0.019245
7.209591 0.019239
7.210583 0.019234
7.210587 0.019234
7.211396 0.019229
7.213742 0.019217
7.213811 0.019216
7.216570 0.019202
7.221077 0.019178
7.221267 0.019177
7.223329 0.019166
7.226650 0.019148
7.226846 0.019147
7.227028 0.019146
7.227481 0.019144
7.228972 0.019136
7.230286 0.019129
7.230529 0.019128
7.231055 0.019125
7.236078 0.019098
7.236127 0.019098
7.236276 0.019097
7.237565 0.019090
7.240999 0.019072
7.241036 0.019072
7.241068 0.019072
7.244584 0.019053
7.244646 0.019053
7.247457 0.019038
7.247669 0.019037
7.248587 0.019032
7.250062 0.019025
7.251225 0.019019
7.251304 0.019018
7.251504 0.019017
7.252261 0.019013
7.252877 0.019010
7.252911 0.019010
7.260535 0.018970
7.264679 0.018948
7.266055 0.018941
7.266792 0.018937
7.267600 0.018933
7.269379 0.018924
7.269722 0.018922
7.270977 0.018915
7.271615 0.018912
7.273142 0.018904
7.273572 0.018902
7.274124 0.018899
7.274349 0.018898
7.275156 0.018894
7.276047 0.018889
7.280741 0.018865
7.280866 0.018864
7.284738 0.018844
7.286801 0.018833
7.287445 0.018830
7.287904 0.018828
7.288479 0.018825
7.289309 0.018820
7.291554 0.018809
7.293651 0.018798
7.293996 0.018796
7.294014 0.018796
7.294670 0.018793
7.295576 0.018788
7.295955 0.018786
7.296174 0.018785
7.298829 0.018771
7.300424 0.018763
7.302259 0.018754
7.302479 0.018753
7.303344 0.018748
7.304293 0.018743
7.304712 0.018741
7.305103 0.018739
7.305539 0.018737
7.306032 0.018734
7.308596 0.018721
7.309360 0.018717
7.311079 0.018708
7.312142 0.018703
7.312631 0.018700
7.315577 0.018685
7.316426 0.018681
7.318553 0.018670
7.318997 0.018668
7.320872 0.018658
7.321357 0.018656
7.322033 0.018652
7.322516 0.018650
7.325405 0.018635
7.325448 0.018635
7.325531 0.018635
7.329946 0.018612
7.331433 0.018605
7.331908 0.018602
7.332391 0.018600
7.333733 0.018593
7.334586 0.018589
7.335073 0.018586
7.336227 0.018580
7.339261 0.018565
7.342057 0.018551
7.344375 0.018539
7.345105 0.018535
7.349609 0.018513
7.350378 0.018509
7.351384 0.018504
7.353229 0.018495
7.353503 0.018493
7.353511 0.018493
7.355250 0.018484
7.355487 0.018483
7.355726 0.018482
7.357912 0.018471
7.357942 0.018471
7.358554 0.018468
7.358979 0.018466
7.363024 0.018445
7.363548 0.018443
7.366307 0.018429
7.368188 0.018420
7.368750 0.018417
7.369721 0.018412
7.372651 0.018397
7.372748 0.018397
7.374548 0.018388
7.375028 0.018385
7.375672 0.018382
7.376651 0.018377
7.381055 0.018355
7.381482 0.018353
7.383681 0.018342
7.385964 0.018331
7.386501 0.018328
7.388396 0.018319
7.388461 0.018319
7.389624 0.018313
7.391363 0.018304
7.395423 0.018284
7.400245 0.018260
7.401979 0.018252
7.402514 0.018249
7.402551 0.018249
7.407877 0.018223
7.408307 0.018221
7.409922 0.018213
7.411072 0.018207
7.412545 0.018200
7.415591 0.018185
7.415614 0.018185
7.416344 0.018181
7.419747 0.018164
7.422077 0.018153
7.422594 0.018151
7.423221 0.018147
7.423429 0.018146
7.424365 0.018142
7.428103 0.018124
7.432152 0.018104
7.432282 0.018103
7.433108 0.018099
7.433687 0.018096
7.435391 0.018088
7.436131 0.018084
7.439023 0.018070
7.439541 0.018068
7.440786 0.018062
7.440951 0.018061
7.442889 0.018052
7.443283 0.018050
7.443898 0.018047
7.444596 0.018043
7.444634 0.018043
7.445445 0.018039
7.446571 0.018034
7.446642 0.018033
7.448607 0.018024
7.449106 0.018022
7.449397 0.018020
7.450709 0.018014
7.451453 0.018010
7.455265 0.017992
7.456589 0.017985
7.458764 0.017975
7.458818 0.017975
7.458988 0.017974
7.459674 0.017971
7.461110 0.017964
7.462558 0.017957
7.462782 0.017956
7.469190 0.017925
7.469444 0.017924
7.472652 0.017908
7.476163 0.017891
7.476755 0.017888
7.477508 0.017885
7.478759 0.017879
7.480844 0.017869
7.480938 0.017868
7.481389 0.017866
7.485285 0.017848
7.485609 0.017846
7.487274 0.017838
7.487561 0.017837
7.488668 0.017832
7.489951 0.017826
7.492218 0.017815
7.493052 0.017811
7.494764 0.017803
7.494773 0.017803
7.495207 0.017801
7.496824 0.017793
7.498080 0.017787
7.502545 0.017766
7.503753 0.017760
7.504916 0.017754
7.505530 0.017752
7.506878 0.017745
7.511219 0.017725
7.511989 0.017721
7.514086 0.017711
7.514270 0.017710
7.514362 0.017710
7.514697 0.017708
7.515314 0.017705
7.515353 0.017705
7.518208 0.017692
7.518740 0.017689
7.519666 0.017685
7.519827 0.017684
7.519877 0.017684
7.520151 0.017683
7.522355 0.017672
7.523638 0.017666
7.525034 0.017660
7.526604 0.017652
7.528518 0.017643
7.528538 0.017643
7.529415 0.017639
7.531458 0.017630
7.531876 0.017628
7.533423 0.017620
7.533996 0.017618
7.536483 0.017606
7.536594 0.017606
7.537243 0.017603
7.540144 0.017589
7.540765 0.017586
7.542192 0.017579
7.542398 0.017578
7.543568 0.017573
7.544550 0.017568
7.544830 0.017567
7.545091 0.017566
7.545724 0.017563
7.546889 0.017558
7.547538 0.017555
7.549843 0.017544
7.550038 0.017543
7.552074 0.017533
7.557504 0.017508
7.558660 0.017503
7.559801 0.017498
7.562901 0.017483
7.563855 0.017479
7.566216 0.017468
7.568644 0.017457
7.569477 0.017453
7.571151 0.017445
7.571305 0.017445
7.575133 0.017427
7.575912 0.017423
7.579284 0.017408
7.581629 0.017397
7.584752 0.017383
7.585204 0.017381
7.587796 0.017369
7.588662 0.017365
7.588668 0.017365
7.589378 0.017362
7.590028 0.017359
7.590794 0.017355
7.590900 0.017355
7.592399 0.017348
7.593538 0.017342
7.596239 0.017330
7.596294 0.017330
7.597360 0.017325
7.598773 0.017319
7.599752 0.017314
7.601337 0.017307
7.601514 0.017306
7.602649 0.017301
7.602745 0.017301
7.604495 0.017293
7.605190 0.017289
7.605794 0.017287
7.608540 0.017274
7.608567 0.017274
7.609667 0.017269
7.610893 0.017263
7.611407 0.017261
7.611526 0.017261
7.612888 0.017254
7.614837 0.017246
7.617033 0.017236
7.617218 0.017235
7.619145 0.017226
7.619337 0.017225
7.619750 0.017223
7.620156 0.017222
7.620505 0.017220
7.620626 0.017219
7.620663 0.017219
7.621239 0.017217
7.625018 0.017200
7.626218 0.017194
7.626298 0.017194
7.627026 0.017191
7.627585 0.017188
7.628583 0.017184
7.630543 0.017175
7.633104 0.017163
7.634785 0.017156
7.635768 0.017151
7.636571 0.017148
7.636720 0.017147
7.637700 0.017143
7.639120 0.017136
7.642413 0.017121
7.645320 0.017108
7.647605 0.017098
7.648384 0.017095
7.649425 0.017090
7.651984 0.017079
7.654557 0.017067
7.658260 0.017051
7.658550 0.017049
7.660068 0.017043
7.662054 0.017034
7.663994 0.017025
7.665960 0.017016
7.668346 0.017006
7.670815 0.016995
7.674766 0.016977
7.676941 0.016968
7.677603 0.016965
7.680295 0.016953
7.680811 0.016951
7.681597 0.016947
7.685254 0.016931
7.686990 0.016923
7.688865 0.016915
7.691052 0.016906
7.691086 0.016905
7.691110 0.016905
7.691905 0.016902
7.692831 0.016898
7.694316 0.016891
7.694953 0.016888
7.696420 0.016882
7.696634 0.016881
7.697502 0.016877
7.698220 0.016874
7.699302 0.016869
7.701923 0.016858
7.702333 0.016856
7.704250 0.016848
7.705414 0.016843
7.709135 0.016826
7.710031 0.016822
7.713512 0.016807
7.714582 0.016803
7.714669 0.016802
7.714942 0.016801
7.715857 0.016797
7.715950 0.016797
7.717250 0.016791
7.719442 0.016781
7.721115 0.016774
7.721919 0.016771
7.725145 0.016757
7.732191 0.016726
7.732440 0.016725
7.733778 0.016719
7.738194 0.016700
7.738732 0.016698
7.742037 0.016684
7.749117 0.016653
7.756499 0.016621
7.757401 0.016618
7.758719 0.016612
7.758908 0.016611
7.759452 0.016609
7.759458 0.016609
7.760758 0.016603
7.761710 0.016599
7.762465 0.016596
7.764359 0.016588
7.764630 0.016587
7.765215 0.016584
7.765241 0.016584
7.765553 0.016583
7.767270 0.016575
7.767354 0.016575
7.768983 0.016568
7.769409 0.016566
7.770275 0.016563
7.770596 0.016561
7.772604 0.016553
7.773259 0.016550
7.773402 0.016549
7.773478 0.016549
7.775298 0.016541
7.775718 0.016539
7.776747 0.016535
7.777184 0.016533
7.780367 0.016520
7.780804 0.016518
7.781897 0.016513
7.782422 0.016511
7.783237 0.016507
7.794418 0.016460
7.794688 0.016459
7.794703 0.016459
7.796223 0.016452
7.797282 0.016448
7.799095 0.016440
7.801991 0.016428
7.802410 0.016426
7.803327 0.016423
7.812374 0.016385
7.814365 0.016376
7.814533 0.016375
7.815620 0.016371
7.816440 0.016367
7.820074 0.016352
7.820656 0.016350
7.823423 0.016338
7.823523 0.016338
7.824067 0.016336
7.824544 0.016334
7.825468 0.016330
7.828479 0.016317
7.828720 0.016316
7.828905 0.016315
7.833591 0.016296
7.838144 0.016277
7.838971 0.016274
7.839902 0.016270
7.840430 0.016267
7.842029 0.016261
7.842741 0.016258
7.843446 0.016255
7.843477 0.016255
7.844481 0.016251
7.846352 0.016243
7.847361 0.016239
7.847610 0.016238
7.848365 0.016235
7.849502 0.016230
7.851554 0.016221
7.853155 0.016215
7.853195 0.016215
7.853692 0.016213
7.853726 0.016212
7.854695 0.016208
7.854828 0.016208
7.854864 0.016208
7.855684 0.016204
7.858505 0.016193
7.860420 0.016185
7.860425 0.016185
7.863080 0.016174
7.863415 0.016173
7.863472 0.016172
7.865378 0.016164
7.865420 0.016164
7.869758 0.016146
7.871017 0.016141
7.871417 0.016140
7.872229 0.016136
7.872293 0.016136
7.874550 0.016127
7.875340 0.016124
7.876871 0.016117
7.876968 0.016117
7.881891 0.016097
7.883116 0.016092
7.883376 0.016091
7.883659 0.016090
7.884941 0.016084
7.886227 0.016079
7.886452 0.016078
7.886931 0.016076
7.890703 0.016061
7.891642 0.016057
7.896128 0.016039
7.897420 0.016034
7.898363 0.016030
7.901039 0.016019
7.901934 0.016015
7.905475 0.016001
7.906209 0.015998
7.906701 0.015996
7.909231 0.015986
7.909720 0.015984
7.909958 0.015983
7.914350 0.015965
7.914881 0.015963
7.914945 0.015963
7.915169 0.015962
7.918194 0.015950
7.919312 0.015945
7.920143 0.015942
7.921058 0.015938
7.921102 0.015938
7.921446 0.015936
7.922974 0.015930
7.923651 0.015928
7.923799 0.015927
7.924140 0.015926
7.924217 0.015925
7.925711 0.015919
7.925948 0.015918
7.927763 0.015911
7.935590 0.015880
7.938203 0.015869
7.939670 0.015863
7.940672 0.015859
7.945378 0.015841
7.949026 0.015826
7.949934 0.015822
7.950954 0.015818
7.954596 0.015804
7.955817 0.015799
7.956792 0.015795
7.958352 0.015789
7.958901 0.015787
7.959734 0.015783
7.960083 0.015782
7.962111 0.015774
7.962193 0.015774
7.962310 0.015773
7.965095 0.015762
7.966911 0.015755
7.967211 0.015754
7.968124 0.015750
7.968716 0.015748
7.969042 0.015747
7.970058 0.015743
7.971013 0.015739
7.971126 0.015738
7.974999 0.015723
7.975285 0.015722
7.975570 0.015721
7.977342 0.015714
7.977635 0.015713
7.980403 0.015702
7.982199 0.015695
7.984126 0.015687
7.984820 0.015684
7.986422 0.015678
7.990654 0.015662
7.991013 0.015660
7.992612 0.015654
7.993142 0.015652
7.993686 0.015650
7.993693 0.015650
7.996677 0.015638
8.000627 0.015623
8.000700 0.015622
8.001552 0.015619
8.002393 0.015616
8.004861 0.015606
8.005581 0.015603
8.005600 0.015603
8.007322 0.015596
8.008287 0.015593
8.009909 0.015586
8.010898 0.015583
8.011306 0.015581
8.011852 0.015579
8.012104 0.015578
8.016358 0.015561
8.016790 0.015560
8.018314 0.015554
8.020257 0.015546
8.022796 0.015536
8.026309 0.015523
8.027721 0.015517
8.029769 0.015509
8.030544 0.015506
8.035266 0.015488
8.037353 0.015480
8.038772 0.015475
8.039511 0.015472
8.041837 0.015463
8.044536 0.015452
8.045038 0.015451
8.046949 0.015443
8.047724 0.015440
8.048717 0.015436
8.050962 0.015428
8.051612 0.015425
8.052718 0.015421
8.055460 0.015411
8.056462 0.015407
8.058756 0.015398
8.061059 0.015389
8.061443 0.015388
8.062123 0.015385
8.063058 0.015382
8.063255 0.015381
8.063864 0.015378
8.064778 0.015375
8.066529 0.015368
8.066623 0.015368
8.069592 0.015357
8.069704 0.015356
8.072829 0.015344
8.075383 0.015335
8.080026 0.015317
8.081311 0.015312
8.084098 0.015302
8.084403 0.015300
8.085671 0.015296
8.086959 0.015291
8.089759 0.015280
8.093075 0.015268
8.093260 0.015267
8.094358 0.015263
8.095047 0.015260
8.095875 0.015257
8.096115 0.015256
8.096536 0.015255
8.101923 0.015234
8.102091 0.015234
8.103846 0.015227
8.104920 0.015223
8.105053 0.015223
8.105127 0.015222
8.106236 0.015218
8.107067 0.015215
8.107559 0.015213
8.110051 0.015204
8.111090 0.015200
8.112281 0.015195
8.112827 0.015193
8.113456 0.015191
8.115324 0.015184
8.117061 0.015178
8.119955 0.015167
8.123025 0.015155
8.123761 0.015153
8.123846 0.015152
8.124945 0.015148
8.126290 0.015143
8.128721 0.015134
8.129839 0.015130
8.131479 0.015124
8.132210 0.015121
8.132705 0.015119
8.132753 0.015119
8.132863 0.015119
8.134009 0.015114
8.134665 0.015112
8.136489 0.015105
8.138747 0.015097
8.138983 0.015096
8.139325 0.015095
8.140810 0.015089
8.140866 0.015089
8.142027 0.015085
8.145739 0.015071
8.146452 0.015068
8.148701 0.015060
8.150021 0.015055
8.150063 0.015055
8.152822 0.015045
8.152901 0.015044
8.153272 0.015043
8.156762 0.015030
8.157446 0.015028
8.159473 0.015020
8.160706 0.015016
8.161179 0.015014
8.162564 0.015009
8.163620 0.015005
8.164689 0.015001
8.166154 0.014996
8.166283 0.014995
8.167193 0.014992
8.167862 0.014989
8.168569 0.014987
8.170402 0.014980
8.171191 0.014977
8.172978 0.014971
8.177814 0.014953
8.178534 0.014950
8.180125 0.014944
8.182549 0.014936
8.187149 0.014919
8.188063 0.014915
8.188499 0.014914
8.188901 0.014912
8.189384 0.014911
8.189686 0.014910
8.190250 0.014908
8.193061 0.014897
8.194169 0.014893
8.196963 0.014883
8.197564 0.014881
8.198271 0.014878
8.203631 0.014859
8.204119 0.014857
8.204373 0.014856
8.205373 0.014853
8.206573 0.014848
8.208835 0.014840
8.209377 0.014838
8.209726 0.014837
8.210973 0.014832
8.211702 0.014830
8.218040 0.014807
8.219935 0.014800
8.221214 0.014795
8.223255 0.014788
8.226923 0.014775
8.227526 0.014773
8.228106 0.014771
8.228390 0.014770
8.229887 0.014764
8.231144 0.014760
8.232621 0.014754
8.235256 0.014745
8.235881 0.014743
8.235941 0.014743
8.236191 0.014742
8.237898 0.014736
8.238165 0.014735
8.238320 0.014734
8.240953 0.014725
8.241198 0.014724
8.241390 0.014723
8.242871 0.014718
8.244939 0.014710
8.245914 0.014707
8.246233 0.014706
8.246410 0.014705
8.248339 0.014698
8.248474 0.014698
8.249522 0.014694
8.251605 0.014687
8.256241 0.014670
8.258655 0.014662
8.259379 0.014659
8.259410 0.014659
8.261340 0.014652
8.264132 0.014642
8.264238 0.014642
8.267271 0.014631
8.269315 0.014624
8.271282 0.014617
8.272298 0.014613
8.273211 0.014610
8.274562 0.014605
8.276062 0.014600
8.277605 0.014595
8.280112 0.014586
8.280963 0.014583
8.284955 0.014569
8.288196 0.014557
8.289338 0.014553
8.290012 0.014551
8.292702 0.014541
8.296812 0.014527
8.297238 0.014526
8.297351 0.014525
8.299031 0.014519
8.300345 0.014515
8.300838 0.014513
8.304061 0.014502
8.305954 0.014495
8.309563 0.014483
8.310640 0.014479
8.311704 0.014475
8.312872 0.014471
8.314329 0.014466
8.314781 0.014464
8.315085 0.014463
8.320098 0.014446
8.320527 0.014444
8.320764 0.014444
8.320864 0.014443
8.323054 0.014436
8.326044 0.014425
8.328116 0.014418
8.329761 0.014412
8.329973 0.014412
8.331007 0.014408
8.331214 0.014407
8.331527 0.014406
8.332158 0.014404
8.332833 0.014402
8.335023 0.014394
8.337066 0.014387
8.337500 0.014386
8.338643 0.014382
8.342906 0.014367
8.347578 0.014351
8.348086 0.014349
8.349480 0.014344
8.350074 0.014342
8.351041 0.014339
8.351527 0.014337
8.352692 0.014333
8.355193 0.014325
8.356100 0.014322
8.359487 0.014310
8.359671 0.014309
8.361203 0.014304
8.362743 0.014299
8.364825 0.014292
8.366612 0.014286
8.367197 0.014284
8.367228 0.014284
8.368859 0.014278
8.379307 0.014242
8.381395 0.014235
8.381658 0.014234
8.383839 0.014227
8.383936 0.014227
8.385255 0.014222
8.385835 0.014220
8.388314 0.014212
8.388924 0.014210
8.389126 0.014209
8.390200 0.014205
8.392424 0.014198
8.392589 0.014197
8.394602 0.014191
8.396750 0.014183
8.398233 0.014178
8.398876 0.014176
8.399293 0.014175
8.399445 0.014174
8.399529 0.014174
8.399764 0.014173
8.404411 0.014157
8.405761 0.014153
8.405764 0.014153
8.406426 0.014151
8.410594 0.014137
8.410608 0.014137
8.411290 0.014134
8.413803 0.014126
8.414251 0.014124
8.416129 0.014118
8.416464 0.014117
8.417063 0.014115
8.418057 0.014112
8.425589 0.014086
8.426295 0.014084
8.429044 0.014075
8.432700 0.014063
8.433014 0.014062
8.438712 0.014043
8.439078 0.014041
8.440338 0.014037
8.448107 0.014011
8.448338 0.014011
8.448395 0.014010
8.450457 0.014004
8.450842 0.014002
8.452355 0.013997
8.453089 0.013995
8.455565 0.013987
8.456586 0.013983
8.458691 0.013976
8.460267 0.013971
8.463993 0.013959
8.465580 0.013954
8.466046 0.013952
8.470015 0.013939
8.470849 0.013936
8.470976 0.013936
8.473573 0.013927
8.475420 0.013921
8.475506 0.013921
8.477676 0.013914
8.480686 0.013904
8.480928 0.013903
8.483548 0.013895
8.487222 0.013883
8.489131 0.013876
8.490375 0.013872
8.493368 0.013862
8.493378 0.013862
8.494607 0.013858
8.495811 0.013854
8.496275 0.013853
8.496430 0.013852
8.496958 0.013851
8.499944 0.013841
8.500066 0.013841
8.501283 0.013837
8.501397 0.013836
8.501785 0.013835
8.501788 0.013835
8.502819 0.013832
8.503518 0.013829
8.504036 0.013828
8.506211 0.013821
8.506789 0.013819
8.508268 0.013814
8.509155 0.013811
8.513631 0.013797
8.514608 0.013793
8.515048 0.013792
8.516030 0.013789
8.516309 0.013788
8.516543 0.013787
8.517097 0.013785
8.517296 0.013785
8.518689 0.013780
8.519793 0.013777
8.522354 0.013768
8.523980 0.013763
8.525494 0.013758
8.525841 0.013757
8.526392 0.013755
8.527940 0.013750
8.528183 0.013750
8.528681 0.013748
8.530394 0.013742
8.532211 0.013737
8.532841 0.013734
8.533503 0.013732
8.533604 0.013732
8.535849 0.013725
8.536637 0.013722
8.536940 0.013721
8.539262 0.013714
8.542212 0.013704
8.546112 0.013692
8.548058 0.013686
8.557140 0.013657
8.557583 0.013655
8.559666 0.013649
8.561618 0.013642
8.565569 0.013630
8.567657 0.013623
8.568441 0.013621
8.568714 0.013620
8.570390 0.013614
8.570735 0.013613
8.571873 0.013610
8.577910 0.013591
8.579463 0.013586
8.579622 0.013585
8.580379 0.013583
8.581152 0.013580
8.582060 0.013577
8.585661 0.013566
8.587741 0.013559
8.588277 0.013558
8.589553 0.013554
8.590271 0.013551
8.591557 0.013547
8.595270 0.013536
8.597534 0.013529
8.597696 0.013528
8.598157 0.013527
8.601106 0.013517
8.605395 0.013504
8.606126 0.013502
8.608858 0.013493
8.610710 0.013487
8.613620 0.013478
8.616688 0.013469
8.616788 0.013468
8.617396 0.013466
8.617666 0.013465
8.618526 0.013463
8.618910 0.013462
8.619573 0.013459
8.620334 0.013457
8.621731 0.013453
8.622405 0.013451
8.622414 0.013451
8.622711 0.013450
8.622858 0.013449
8.623295 0.013448
8.623609 0.013447
8.624183 0.013445
8.625616 0.013441
8.625824 0.013440
8.626015 0.013439
8.626777 0.013437
8.635452 0.013410
8.635505 0.013410
8.637426 0.013404
8.637791 0.013403
8.642712 0.013388
8.642830 0.013387
8.643451 0.013385
8.645642 0.013378
8.646275 0.013376
8.647175 0.013374
8.650796 0.013363
8.650892 0.013362
8.651353 0.013361
8.652618 0.013357
8.654197 0.013352
8.654909 0.013350
8.656328 0.013345
8.656511 0.013345
8.658350 0.013339
8.658917 0.013337
8.660009 0.013334
8.661455 0.013330
8.662285 0.013327
8.663049 0.013325
8.663242 0.013324
8.663416 0.013324
8.665347 0.013318
8.665532 0.013317
8.667887 0.013310
8.668234 0.013309
8.669824 0.013304
8.670954 0.013300
8.671256 0.013300
8.672561 0.013296
8.672939 0.013294
8.676084 0.013285
8.677292 0.013281
8.678274 0.013278
8.679474 0.013274
8.680298 0.013272
8.680966 0.013270
8.681239 0.013269
8.682859 0.013264
8.685347 0.013256
8.686826 0.013252
8.691259 0.013238
8.693700 0.013231
8.694569 0.013228
8.695131 0.013227
8.695161 0.013226
8.696440 0.013223
8.698687 0.013216
8.700303 0.013211
8.701321 0.013208
8.702982 0.013203
8.706280 0.013193
8.706627 0.013192
8.708594 0.013186
8.709486 0.013183
8.709597 0.013183
8.711229 0.013178
8.712272 0.013175
8.712776 0.013173
8.715668 0.013164
8.717207 0.013160
8.722497 0.013144
8.723922 0.013139
8.724089 0.013139
8.725918 0.013133
8.727542 0.013129
8.728594 0.013125
8.729952 0.013121
8.730991 0.013118
8.731563 0.013116
8.733542 0.013110
8.733739 0.013110
8.736547 0.013101
8.737900 0.013097
8.738877 0.013094
8.739692 0.013092
8.740369 0.013090
8.740858 0.013089
8.741973 0.013085
8.745909 0.013073
8.747325 0.013069
8.747854 0.013068
8.748248 0.013066
8.748437 0.013066
8.748671 0.013065
8.749644 0.013062
8.750793 0.013059
8.751543 0.013057
8.751853 0.013056
8.752655 0.013053
8.752731 0.013053
8.755160 0.013046
8.757654 0.013038
8.759229 0.013034
8.763193 0.013022
8.765057 0.013016
8.765378 0.013015
8.766457 0.013012
8.767032 0.013011
8.767475 0.013009
8.767808 0.013008
8.768745 0.013005
8.770331 0.013001
8.772470 0.012994
8.776748 0.012982
8.779016 0.012975
8.779783 0.012973
8.780589 0.012970
8.782118 0.012966
8.783389 0.012962
8.783405 0.012962
8.787117 0.012951
8.787550 0.012950
8.788561 0.012947
8.792073 0.012937
8.793900 0.012931
8.795268 0.012927
8.800332 0.012912
8.804441 0.012900
8.805119 0.012898
8.805270 0.012898
8.807238 0.012892
8.808271 0.012889
8.808461 0.012888
8.808903 0.012887
8.809064 0.012887
8.809241 0.012886
8.810687 0.012882
8.813984 0.012872
8.814088 0.012872
8.817916 0.012861
8.818602 0.012859
8.819284 0.012857
8.819686 0.012856
8.820055 0.012855
8.820915 0.012852
8.822185 0.012848
8.823089 0.012846
8.823486 0.012845
8.824632 0.012841
8.825379 0.012839
8.826220 0.012837
8.827312 0.012833
8.828355 0.012830
8.828533 0.012830
8.830158 0.012825
8.833131 0.012817
8.834088 0.012814
8.835062 0.012811
8.837003 0.012805
8.837317 0.012804
8.838101 0.012802
8.838879 0.012800
8.839285 0.012799
8.839651 0.012798
8.840292 0.012796
8.841346 0.012793
8.842718 0.012789
8.845917 0.012780
8.846506 0.012778
8.849104 0.012770
8.849324 0.012770
8.849694 0.012769
8.852073 0.012762
8.857198 0.012747
8.857843 0.012745
8.858105 0.012744
8.859214 0.012741
8.859307 0.012741
8.859403 0.012741
8.859525 0.012740
8.860653 0.012737
8.860792 0.012737
8.862405 0.012732
8.866889 0.012719
8.867613 0.012717
8.869566 0.012711
8.871726 0.012705
8.872381 0.012703
8.873917 0.012699
8.873919 0.012699
8.874024 0.012699
8.875688 0.012694
8.878112 0.012687
8.878639 0.012685
8.882160 0.012675
8.885422 0.012666
8.888524 0.012657
8.889198 0.012655
8.891278 0.012649
8.892382 0.012646
8.894662 0.012640
8.895819 0.012637
8.897083 0.012633
8.897309 0.012632
8.898772 0.012628
8.899495 0.012626
8.899988 0.012625
8.900799 0.012622
8.901313 0.012621
8.909648 0.012597
8.910908 0.012594
8.912314 0.012590
8.913125 0.012588
8.913146 0.012587
8.913358 0.012587
8.914677 0.012583
8.916316 0.012579
8.916403 0.012578
8.919544 0.012569
8.920787 0.012566
8.921466 0.012564
8.922114 0.012562
8.922142 0.012562
8.923369 0.012559
8.925493 0.012553
8.928533 0.012544
8.929024 0.012543
8.931064 0.012537
8.931562 0.012536
8.931744 0.012535
8.931756 0.012535
8.931964 0.012534
8.933928 0.012529
8.934494 0.012527
8.935078 0.012526
8.938173 0.012517
8.939808 0.012512
8.941178 0.012509
8.942425 0.012505
8.943837 0.012501
8.944855 0.012498
8.945081 0.012498
8.945424 0.012497
8.947562 0.012491
8.951575 0.012480
8.952732 0.012476
8.954321 0.012472
8.956482 0.012466
8.957189 0.012464
8.958839 0.012459
8.959540 0.012457
8.963141 0.012447
8.965798 0.012440
8.967827 0.012434
8.971288 0.012425
8.973313 0.012419
8.973869 0.012418
8.975451 0.012413
8.976002 0.012412
8.978469 0.012405
8.981425 0.012397
8.985317 0.012386
8.986164 0.012384
8.988630 0.012377
8.988883 0.012376
8.989480 0.012375
8.993981 0.012362
8.994808 0.012360
8.995805 0.012357
8.995893 0.012357
8.997406 0.012353
9.006120 0.012329
9.007879 0.012324
9.009531 0.012320
9.009856 0.012319
9.012736 0.012311
9.014883 0.012305
9.017108 0.012299
9.020089 0.012291
9.021138 0.012288
9.021329 0.012287
9.021438 0.012287
9.021830 0.012286
9.022681 0.012284
9.023202 0.012282
9.024888 0.012278
9.025324 0.012276
9.030402 0.012263
9.033067 0.012255
9.034378 0.012252
9.035200 0.012250
9.037731 0.012243
9.038784 0.012240
9.039541 0.012238
9.039599 0.012238
9.039670 0.012238
9.042203 0.012231
9.042378 0.012230
9.045914 0.012221
9.046134 0.012220
9.046427 0.012219
9.047105 0.012217
9.047217 0.012217
9.048785 0.012213
9.050957 0.012207
9.051738 0.012205
9.051824 0.012205
9.052353 0.012203
9.054695 0.012197
9.056098 0.012193
9.059317 0.012185
9.060616 0.012181
9.061614 0.012178
9.064256 0.012171
9.065323 0.012168
9.067018 0.012164
9.068058 0.012161
9.069658 0.012157
9.072600 0.012149
9.076324 0.012139
9.076510 0.012138
9.078029 0.012134
9.079734 0.012130
9.080006 0.012129
9.081114 0.012126
9.081146 0.012126
9.081509 0.012125
9.081860 0.012124
9.082885 0.012121
9.084137 0.012118
9.084179 0.012118
9.090554 0.012101
9.091810 0.012098
9.091854 0.012097
9.093062 0.012094
9.098617 0.012080
9.098851 0.012079
9.100238 0.012075
9.101446 0.012072
9.101462 0.012072
9.103864 0.012066
9.104715 0.012063
9.105683 0.012061
9.106083 0.012060
9.106176 0.012059
9.108229 0.012054
9.109256 0.012051
9.113295 0.012041
9.114398 0.012038
9.115798 0.012034
9.115899 0.012034
9.119562 0.012024
9.122890 0.012015
9.123959 0.012012
9.125302 0.012009
9.125868 0.012007
9.126769 0.012005
9.131219 0.011993
9.134197 0.011986
9.134944 0.011984
9.136384 0.011980
9.136971 0.011978
9.137337 0.011977
9.137696 0.011976
9.140508 0.011969
9.141372 0.011967
9.141442 0.011967
9.141872 0.011965
9.146213 0.011954
9.147321 0.011951
9.148562 0.011948
9.148973 0.011947
9.149651 0.011945
9.149769 0.011945
9.151138 0.011941
9.151658 0.011940
9.155662 0.011929
9.155936 0.011929
9.156775 0.011927
9.157768 0.011924
9.159937 0.011918
9.160929 0.011916
9.161249 0.011915
9.161626 0.011914
9.161853 0.011913
9.162718 0.011911
9.162905 0.011911
9.163883 0.011908
9.165489 0.011904
9.168704 0.011896
9.169071 0.011895
9.170671 0.011890
9.170795 0.011890
9.174965 0.011879
9.175778 0.011877
9.176989 0.011874
9.180909 0.011864
9.181322 0.011863
9.181957 0.011861
9.183430 0.011857
9.186685 0.011849
9.188193 0.011845
9.188982 0.011843
9.189415 0.011842
9.191989 0.011835
9.192558 0.011834
9.192919 0.011833
9.196255 0.011824
9.197312 0.011822
9.198705 0.011818
9.199493 0.011816
9.200435 0.011814
9.200939 0.011812
9.201639 0.011811
9.202626 0.011808
9.203938 0.011805
9.204348 0.011804
9.204742 0.011803
9.206110 0.011799
9.206581 0.011798
9.207842 0.011795
9.208742 0.011792
9.208857 0.011792
9.209614 0.011790
9.212272 0.011783
9.212981 0.011781
9.213321 0.011781
9.214317 0.011778
9.214512 0.011778
9.217999 0.011769
9.218511 0.011767
9.219355 0.011765
9.221495 0.011760
9.226411 0.011747
9.226569 0.011747
9.226937 0.011746
9.227464 0.011745
9.227566 0.011744
9.227899 0.011743
9.228758 0.011741
9.228799 0.011741
9.229173 0.011740
9.229296 0.011740
9.232742 0.011731
9.232782 0.011731
9.235082 0.011725
9.235610 0.011724
9.236553 0.011721
9.236585 0.011721
9.238793 0.011716
9.240356 0.011712
9.240602 0.011711
9.240984 0.011710
9.242452 0.011706
9.242714 0.011706
9.243013 0.011705
9.243927 0.011703
9.245075 0.011700
9.245380 0.011699
9.246334 0.011697
9.248198 0.011692
9.248643 0.011691
9.248730 0.011691
9.255938 0.011672
9.256221 0.011672
9.257678 0.011668
9.258290 0.011666
9.260077 0.011662
9.263747 0.011653
9.269428 0.011638
9.270083 0.011637
9.270308 0.011636
9.271993 0.011632
9.272357 0.011631
9.274375 0.011626
9.275930 0.011622
9.276340 0.011621
9.278126 0.011617
9.278970 0.011614
9.279542 0.011613
9.287090 0.011594
9.287746 0.011593
9.287800 0.011592
9.289448 0.011588
9.290716 0.011585
9.291498 0.011583
9.296580 0.011571
9.297783 0.011568
9.299800 0.011563
9.302667 0.011555
9.305234 0.011549
9.306123 0.011547
9.306155 0.011547
9.310460 0.011536
9.313241 0.011529
9.317146 0.011520
9.318604 0.011516
9.321630 0.011508
9.323340 0.011504
9.323544 0.011504
9.324032 0.011503
9.325112 0.011500
9.325430 0.011499
9.327595 0.011494
9.327691 0.011493
9.328567 0.011491
9.329747 0.011488
9.330500 0.011487
9.332433 0.011482
9.334424 0.011477
9.334425 0.011477
9.335733 0.011474
9.336016 0.011473
9.336783 0.011471
9.338673 0.011466
9.342919 0.011456
9.343628 0.011454
9.344120 0.011453
9.344420 0.011452
9.346057 0.011448
9.347610 0.011445
9.348614 0.011442
9.350689 0.011437
9.351364 0.011435
9.351724 0.011434
9.351775 0.011434
9.352419 0.011433
9.354697 0.011427
9.355486 0.011425
9.355776 0.011425
9.355848 0.011424
9.356501 0.011423
9.360200 0.011414
9.362319 0.011409
9.364931 0.011402
9.365671 0.011400
9.366353 0.011399
9.367156 0.011397
9.370616 0.011388
9.370688 0.011388
9.373455 0.011382
9.373723 0.011381
9.375986 0.011375
9.377536 0.011372
9.379008 0.011368
9.380023 0.011366
9.381291 0.011363
9.383410 0.011357
9.384150 0.011356
9.384688 0.011354
9.386103 0.011351
9.386642 0.011350
9.386712 0.011349
9.388141 0.011346
9.388498 0.011345
9.388515 0.011345
9.390401 0.011340
9.390500 0.011340
9.391021 0.011339
9.402945 0.011310
9.403751 0.011308
9.404320 0.011307
9.405256 0.011305
9.405877 0.011303
9.406847 0.011301
9.406898 0.011301
9.407495 0.011299
9.408700 0.011296
9.408859 0.011296
9.409809 0.011294
9.410711 0.011292
9.411336 0.011290
9.414002 0.011284
9.414219 0.011283
9.415122 0.011281
9.415711 0.011280
9.419068 0.011272
9.422630 0.011263
9.423145 0.011262
9.424389 0.011259
9.426028 0.011255
9.426131 0.011255
9.427108 0.011252
9.431941 0.011241
9.432179 0.011240
9.433588 0.011237
9.434334 0.011235
9.434978 0.011234
9.435187 0.011233
9.439469 0.011223
9.440070 0.011221
9.441286 0.011219
9.441849 0.011217
9.442474 0.011216
9.443068 0.011214
9.444446 0.011211
9.445125 0.011209
9.445962 0.011207
9.447022 0.011205
9.447620 0.011204
9.447888 0.011203
9.450510 0.011197
9.450588 0.011197
9.451448 0.011194
9.453989 0.011188
9.455562 0.011185
9.455945 0.011184
9.457870 0.011179
9.462130 0.011169
9.462264 0.011169
9.463340 0.011166
9.472177 0.011146
9.472234 0.011145
9.472355 0.011145
9.473570 0.011142
9.474260 0.011141
9.482443 0.011121
9.482955 0.011120
9.482988 0.011120
9.487005 0.011111
9.487234 0.011110
9.488728 0.011107
9.488829 0.011106
9.493682 0.011095
9.493726 0.011095
9.493745 0.011095
9.496206 0.011089
9.497663 0.011086
9.498171 0.011085
9.498745 0.011083
9.500672 0.011079
9.500962 0.011078
9.501589 0.011077
9.504272 0.011070
9.506006 0.011066
9.506328 0.011066
9.511697 0.011053
9.512852 0.011050
9.513382 0.011049
9.524031 0.011024
9.526794 0.011018
9.529858 0.011011
9.530064 0.011011
9.531051 0.011008
9.533702 0.011002
9.533946 0.011002
9.534462 0.011000
9.537351 0.010994
9.542427 0.010982
9.544794 0.010977
9.549905 0.010965
9.550212 0.010964
9.551259 0.010962
9.553169 0.010957
9.554122 0.010955
9.554912 0.010953
9.555601 0.010952
9.555732 0.010951
9.557291 0.010948
9.557340 0.010948
9.558158 0.010946
9.559871 0.010942
9.560153 0.010941
9.560426 0.010941
9.561284 0.010939
9.561858 0.010937
9.562502 0.010936
9.563170 0.010934
9.564641 0.010931
9.565879 0.010928
9.567049 0.010926
9.567975 0.010923
9.568428 0.010922
9.569861 0.010919
9.570873 0.010917
9.572027 0.010914
9.572350 0.010913
9.574788 0.010908
9.575550 0.010906
9.578581 0.010899
9.579827 0.010896
9.580935 0.010894
9.581248 0.010893
9.583373 0.010888
9.584335 0.010886
9.586608 0.010881
9.587242 0.010880
9.587620 0.010879
9.587621 0.010879
9.587668 0.010879
9.588492 0.010877
9.590502 0.010872
9.591188 0.010871
9.591486 0.010870
9.592121 0.010869
9.593329 0.010866
9.593407 0.010866
9.593556 0.010865
9.594908 0.010862
9.595555 0.010861
9.595640 0.010861
9.596339 0.010859
9.596340 0.010859
9.597427 0.010857
9.598525 0.010854
9.598805 0.010853
9.600793 0.010849
9.605010 0.010839
9.607354 0.010834
9.609835 0.010828
9.610431 0.010827
9.611226 0.010825
9.614080 0.010819
9.615993 0.010815
9.616523 0.010813
9.617767 0.010811
9.618544 0.010809
9.618830 0.010808
9.619088 0.010808
9.620608 0.010804
9.620818 0.010804
9.621080 0.010803
9.621198 0.010803
9.621554 0.010802
9.621957 0.010801
9.621999 0.010801
9.626208 0.010792
9.627922 0.010788
9.628500 0.010787
9.628859 0.010786
9.630979 0.010781
9.633698 0.010775
9.634469 0.010773
9.634855 0.010772
9.637912 0.010765
9.640235 0.010760
9.643777 0.010752
9.647639 0.010744
9.648055 0.010743
9.651839 0.010734
9.653164 0.010732
9.654010 0.010730
9.654010 0.010730
9.656029 0.010725
9.656059 0.010725
9.658369 0.010720
9.660109 0.010716
9.661950 0.010712
9.665645 0.010704
9.665730 0.010704
9.665822 0.010703
9.666255 0.010702
9.667110 0.010701
9.667170 0.010700
9.669874 0.010694
9.671225 0.010691
9.671466 0.010691
9.679453 0.010673
9.680407 0.010671
9.681425 0.010669
9.683377 0.010665
9.684666 0.010662
9.687919 0.010655
9.690148 0.010650
9.691706 0.010646
9.691805 0.010646
9.694422 0.010640
9.695170 0.010639
9.695493 0.010638
9.696688 0.010635
9.697271 0.010634
9.698854 0.010631
9.700467 0.010627
9.701065 0.010626
9.702589 0.010622
9.703066 0.010621
9.703443 0.010621
9.703825 0.010620
9.709196 0.010608
9.710937 0.010604
9.711109 0.010604
9.712238 0.010601
9.713764 0.010598
9.714240 0.010597
9.714543 0.010596
9.714720 0.010596
9.714965 0.010595
9.715023 0.010595
9.719493 0.010586
9.721754 0.010581
9.722076 0.010580
9.723422 0.010577
9.723532 0.010577
9.726084 0.010571
9.728938 0.010565
9.731284 0.010560
9.731431 0.010560
9.731764 0.010559
9.732365 0.010558
9.732753 0.010557
9.733139 0.010556
9.735875 0.010550
9.736712 0.010548
9.737162 0.010547
9.740022 0.010541
9.741853 0.010537
9.746367 0.010527
9.748165 0.010523
9.749703 0.010520
9.752803 0.010513
9.755411 0.010508
9.756176 0.010506
9.758910 0.010500
9.759229 0.010500
9.762537 0.010492
9.763886 0.010489
9.766286 0.010484
9.770020 0.010476
9.770028 0.010476
9.770370 0.010476
9.771159 0.010474
9.774759 0.010466
9.774933 0.010466
9.775029 0.010466
9.777306 0.010461
9.783043 0.010448
9.784103 0.010446
9.784513 0.010445
9.785682 0.010443
9.787846 0.010438
9.788448 0.010437
9.789487 0.010435
9.791960 0.010429
9.799648 0.010413
9.800260 0.010412
9.800749 0.010411
9.801268 0.010410
9.802353 0.010407
9.807478 0.010396
9.808645 0.010394
9.813945 0.010383
9.814587 0.010381
9.817784 0.010375
9.820091 0.010370
9.820957 0.010368
9.821427 0.010367
9.821455 0.010367
9.822377 0.010365
9.823076 0.010363
9.823296 0.010363
9.823553 0.010362
9.827614 0.010354
9.828036 0.010353
9.828062 0.010353
9.831582 0.010346
9.831727 0.010345
9.832374 0.010344
9.833356 0.010342
9.833400 0.010342
9.834057 0.010340
9.835964 0.010336
9.836806 0.010335
9.837557 0.010333
9.842324 0.010323
9.843891 0.010320
9.846258 0.010315
9.846356 0.010315
9.846893 0.010313
9.850561 0.010306
9.852582 0.010301
9.854415 0.010298
9.854568 0.010297
9.857248 0.010292
9.858346 0.010289
9.859536 0.010287
9.859960 0.010286
9.860475 0.010285
9.861955 0.010282
9.864883 0.010276
9.866361 0.010273
9.867926 0.010269
9.868800 0.010268
9.872320 0.010260
9.872582 0.010260
9.874873 0.010255
9.875035 0.010255
9.875847 0.010253
9.875908 0.010253
9.876466 0.010252
9.878361 0.010248
9.879741 0.010245
9.880606 0.010243
9.881017 0.010242
9.882397 0.010239
9.883140 0.010238
9.883770 0.010237
9.883864 0.010236
9.884013 0.010236
9.884882 0.010234
9.886289 0.010231
9.888262 0.010227
9.889889 0.010224
9.891467 0.010221
9.891675 0.010220
9.893461 0.010217
9.894073 0.010215
9.894304 0.010215
9.894558 0.010214
9.898155 0.010207
9.898361 0.010206
9.899146 0.010205
9.902055 0.010199
9.902392 0.010198
9.904039 0.010195
9.905033 0.010193
9.905259 0.010192
9.908094 0.010186
9.911031 0.010180
9.911598 0.010179
9.912063 0.010178
9.912545 0.010177
9.912890 0.010177
9.913095 0.010176
9.915834 0.010170
9.917594 0.010167
9.918030 0.010166
9.918125 0.010166
9.918226 0.010166
9.918376 0.010165
9.919501 0.010163
9.920569 0.010161
9.921310 0.010159
9.922457 0.010157
9.924005 0.010154
9.925526 0.010151
9.936660 0.010128
9.937350 0.010126
9.939461 0.010122
9.940380 0.010120
9.944382 0.010112
9.944917 0.010111
9.945328 0.010110
9.945395 0.010110
9.946059 0.010109
9.947206 0.010106
9.950606 0.010100
9.951286 0.010098
9.953312 0.010094
9.958354 0.010084
9.958444 0.010084
9.960147 0.010080
9.961215 0.010078
9.961593 0.010077
9.962031 0.010076
9.962850 0.010075
9.963302 0.010074
9.964296 0.010072
9.964983 0.010070
9.967149 0.010066
9.969323 0.010062
9.969733 0.010061
9.970915 0.010058
9.971574 0.010057
9.975527 0.010049
9.978977 0.010042
9.979474 0.010041
9.979631 0.010041
9.980602 0.010039
9.981534 0.010037
9.982148 0.010036
9.982645 0.010035
9.984787 0.010030
9.987027 0.010026
9.989857 0.010020
9.993535 0.010013
9.994583 0.010011
9.996858 0.010006
9.996881 0.010006
9.996958 0.010006
9.997688 0.010005
9.998271 0.010003
9.999060 0.010002
