500.000000 2.000000
4.932869 996.043342
10.191002 994.899696
11.216599 993.175768
11.590780 993.084475
12.230422 992.939887
12.330115 992.920929
22.192644 992.704514
29.179756 990.467063
37.536396 990.183025
40.055930 990.064650
63.246622 981.832094
63.247135 981.800471
63.247280 981.795558
63.247284 981.781193
63.247285 981.780201
63.247310 981.767994
63.247978 981.665321
63.249152 981.606007
63.249957 981.581271
63.250089 981.572824
63.250089 981.563479
63.250091 981.562991
63.250092 981.554918
63.250094 981.548068
63.250095 981.125106
63.250095 980.989397
63.250097 980.956096
63.250103 980.955151
63.250103 980.938300
63.345592 980.115005
63.435433 979.702210
73.739522 959.326842
76.971972 959.185727
80.547808 959.173458
92.103391 959.170113
117.912169 959.038888
170.082116 959.031145
198.279728 958.525569
218.878136 951.258379
224.936401 951.159743
229.992791 951.152397
231.138437 951.094790
238.814028 950.843368
238.832224 950.831669
238.857950 950.811699
238.905994 950.689380
333.011208 950.529882
377.863268 950.483908
432.487819 950.389952
500.680160 909.178593
502.572190 907.317780
503.113563 906.497582
510.162225 900.935982
513.064785 888.178837
559.148963 701.862418
565.175692 701.090969
601.848751 680.357617
602.164006 680.312263
602.890736 676.456519
602.891426 676.340631
602.907615 676.157303
602.944575 676.136218
602.968414 676.120142
603.180732 676.042140
603.193405 676.005509
603.196655 675.997782
603.304168 675.992502
603.342289 675.988077
603.444307 675.985418
603.670701 675.955238
604.653890 675.870751
605.237475 675.836043
605.479971 675.237934
606.179549 673.092823
606.296682 670.431662
606.363285 670.104597
606.409753 669.885527
606.687127 669.292183
606.696247 668.614610
611.656593 487.045822
611.958566 486.933152
611.964142 484.903833
612.311043 399.050892
612.510109 383.860448
612.644992 379.407101
612.857862 378.143031
613.802921 374.893301
614.205195 342.193309
614.700729 341.843698
614.729059 337.180832
624.220230 333.094967
624.653074 330.637939
624.818245 311.459459
624.849494 310.774901
624.882829 306.256065
624.896818 306.244182
624.914397 305.967943
624.931227 305.914374
624.931509 305.895554
624.931516 305.882727
624.953826 305.874181
624.955029 305.870071
624.956521 305.862173
624.988740 305.851923
636.237043 297.473346
636.303516 295.528081
636.319446 295.511637
636.323754 295.381552
636.323969 295.369771
636.324045 295.287337
636.324149 295.279183
636.324604 295.023878
636.340701 294.237423
636.341910 294.028472
636.349184 293.138998
636.351100 293.115945
636.352152 293.102909
636.352496 293.058662
636.352507 293.032452
636.352529 293.005680
636.357499 292.835377
636.360316 291.912700
636.403565 291.883973
636.424565 291.799796
636.500306 289.376245
636.532793 286.316869
637.543191 284.686413
637.551932 284.684546
637.562409 284.596855
637.565365 283.890764
637.573970 283.827203
637.574747 279.418213
637.575049 278.970330
637.578088 278.880108
637.578511 274.634342
637.593751 274.563679
637.596996 274.561475
637.598582 274.543776
637.598591 274.542130
637.598651 274.541001
637.598654 274.540997
637.598654 274.540996
637.598657 274.540861
637.598658 274.540835
637.598660 274.531165
637.598814 274.530878
637.598815 274.530132
637.598822 274.529186
637.598823 274.528828
637.598896 274.517003
637.598901 274.515793
637.598905 274.515194
637.599177 274.505935
637.599187 274.505801
637.599212 274.505619
637.599214 274.505583
637.599219 274.505460
637.599221 274.504851
637.599339 274.500903
637.599525 274.499619
637.599693 274.497311
637.599811 274.497304
637.599835 274.497239
637.599911 274.496991
637.599977 274.496958
637.600168 274.490240
637.602991 274.472795
637.604639 274.446499
637.606105 274.445483
637.608887 274.441162
637.611230 274.441096
637.611264 274.441080
637.611382 274.440921
637.611502 274.440907
637.613095 274.440889
637.613393 274.440865
637.614382 274.440853
637.616878 274.440782
637.616885 274.439805
637.616887 274.439355
637.616976 274.439297
637.616983 274.439253
637.617002 274.439149
637.617006 274.439041
637.617061 274.439025
637.618469 274.439025
637.618581 274.438832
637.621247 274.412586
637.624334 274.408029
637.626471 274.401997
637.646076 271.031440
637.650082 269.973902
637.652822 264.378684
637.980761 262.919845
637.980861 262.680805
637.981686 262.487315
638.219029 262.256014
638.219143 262.233125
638.229614 262.230178
638.238982 261.904583
638.239232 261.902510
638.239889 261.874093
638.240720 261.819091
638.242236 261.788247
638.246692 261.785247
638.248492 261.557282
638.248524 261.531584
638.248574 261.531374
638.248596 261.497180
638.248666 261.441373
638.249845 261.429479
638.263978 261.300476
638.265558 261.242468
638.289213 261.191429
638.290113 261.111333
638.372158 260.953957
638.374862 260.953756
638.375097 260.953701
638.384819 260.953647
638.721435 260.953555
638.779871 260.953512
638.787888 260.953511
638.791571 260.953499
638.796988 260.953484
638.857406 260.953463
638.904305 260.827363
639.032783 260.810492
639.343439 260.803377
640.222769 257.534713
640.224405 255.884404
640.224467 255.295457
640.224785 255.021881
640.231235 254.636521
640.232063 254.604727
640.246997 254.481485
640.288499 254.473414
640.371731 254.469667
640.386921 254.468596
640.547601 254.259051
641.161215 254.214600
641.771786 251.524020
641.775279 251.482998
641.783795 251.452617
641.787355 251.440802
641.787749 251.439549
641.787756 251.439237
641.787827 251.437196
641.788602 251.422468
641.789931 251.261772
641.790703 251.250758
641.791134 251.239895
641.791316 251.237177
641.791321 251.233241
641.791334 251.232694
641.793304 251.129721
641.798679 249.724911
641.815605 243.635968
641.823640 243.556882
641.828959 243.226079
641.829785 242.011330
641.841158 241.821120
644.148266 239.936022
644.152523 238.588927
644.157252 236.407250
644.224013 236.406739
645.712696 236.332116
645.727694 236.277152
645.731235 236.244423
646.004740 236.208425
647.495843 236.190947
648.535930 236.136448
648.596292 236.135822
648.685915 236.129696
648.752198 235.987545
649.213529 235.983332
649.257799 235.921505
649.257900 235.913972
649.266442 235.901195
649.274095 235.898306
649.311107 235.893552
649.325100 235.888924
649.329619 235.873594
649.340212 235.822175
649.373913 234.452658
649.725631 234.418315
649.953599 234.108841
650.029637 233.794961
650.301874 231.209196
650.431481 226.112146
650.501413 226.102859
650.526078 226.087982
650.616384 226.087493
650.739543 226.048473
651.105162 224.912668
652.732945 222.239411
653.147783 221.566706
653.183122 221.541244
653.224974 221.461822
655.277758 221.351262
656.550433 220.813606
656.813826 220.696035
657.203640 219.499507
657.216014 219.471825
657.519666 219.292220
658.279015 219.210577
658.344044 219.201114
658.443095 219.086185
658.640434 219.023383
658.683027 218.990237
659.046911 218.879334
661.909854 218.855460
661.950896 217.402624
662.007575 214.792180
662.211909 214.505741
662.518508 213.024174
665.266412 203.612475
683.017494 199.466861
697.538325 198.902380
698.808309 198.764510
699.526586 198.715247
699.725412 198.653135
702.963380 198.203465
704.875913 195.511977
723.265995 195.128620
727.900944 194.527631
729.078834 194.397248
741.952043 194.391480
743.653606 194.341207
746.366602 194.245499
747.253154 193.254267
756.941478 192.898565
757.218300 192.896182
757.540051 192.895371
757.545414 192.894902
757.702671 192.863772
757.958482 192.858908
758.146793 192.822823
763.852036 192.654899
764.909040 192.610044
765.523640 192.595886
765.586800 192.550579
765.717187 192.549194
765.745019 192.539234
767.510179 192.483476
767.774294 192.464075
768.607981 192.439345
768.774912 192.403335
776.863238 191.941447
777.432513 191.941072
777.478136 191.937938
777.606828 191.933801
779.214689 191.928814
779.475997 191.786067
783.076953 191.784999
784.914604 191.775503
784.916172 189.401885
784.917943 189.249905
784.918146 189.044581
784.955401 188.537729
785.122298 186.981723
785.479775 186.461090
786.434073 174.086124
787.570216 172.946538
788.140087 172.644898
788.354080 172.396483
789.498980 172.339464
789.504307 172.287340
789.505407 172.117702
789.825037 171.026661
789.910030 170.997797
789.911657 170.995037
789.972619 170.993785
789.977039 170.939292
790.011130 170.348165
790.023406 170.337747
792.368998 170.261643
792.607817 170.135693
793.883136 170.092746
794.141920 170.088916
796.365387 170.034424
796.641223 169.996335
802.003443 169.948746
802.383915 169.914368
802.820605 169.913396
803.337121 169.893056
803.386990 169.855618
803.802956 169.771532
804.279476 169.700698
804.859736 169.664438
807.431167 169.560470
807.483506 169.490316
807.614239 169.487254
807.634468 169.482670
807.652556 169.317051
807.686269 169.309435
807.689409 169.307902
807.698368 169.306628
807.699582 169.306350
807.709545 169.289721
807.716346 169.283343
807.717251 169.270173
807.720790 169.243441
807.722017 169.240722
807.732503 169.240557
807.810564 169.193487
807.939120 169.158147
807.946418 169.149410
808.118029 169.148204
808.547269 169.146011
812.100174 169.141638
815.332961 169.113062
817.325371 169.111225
834.274592 169.102204
855.789663 167.513777
865.798049 163.634712
867.064402 162.818330
882.552311 159.465691
884.193692 159.191662
889.099381 154.102900
899.378152 150.933382
940.285399 150.461700
946.848781 47.567450
952.852605 47.467416
961.824544 46.622197
981.852225 46.061545
983.539801 46.015686
983.579101 42.174133
983.593460 42.142847
983.915951 41.085453
983.924906 41.053691
983.925454 41.023838
984.155900 40.831472
984.258638 40.638007
984.267100 39.279213
984.269311 39.165372
984.271525 37.640233
984.395719 36.222737
984.396066 36.211871
984.396352 34.480618
984.396781 33.636053
984.396925 33.556790
984.938082 27.367275
985.725728 20.570484
985.725776 19.937451
985.725802 19.771518
985.725804 19.276856
985.725814 19.265435
985.725815 19.257084
985.725932 19.130417
985.725938 19.121819
985.725947 19.118714
985.725952 19.088481
985.725952 19.085327
985.725952 19.078528
985.725953 19.070576
985.725953 19.070336
985.725953 19.069701
985.725953 19.067955
985.725954 19.055790
985.725955 19.045046
985.725955 19.044862
985.725955 19.044851
985.725955 19.044786
985.725956 19.043902
985.725957 18.989260
985.725970 18.987844
985.726009 18.925174
985.739235 18.658633
985.798243 18.064383
985.805150 18.046839
985.811082 17.701361
985.811252 17.584228
985.816337 17.464744
985.818406 17.439901
985.819560 17.424218
985.826084 17.320026
985.900626 12.901742
985.900969 12.174310
985.900976 12.155249
985.903271 11.699839
985.911291 11.497642
986.164219 11.263176
986.186293 7.665849
987.630474 6.988777
988.159050 6.822765
989.254707 6.712678
989.266357 6.526118
992.801111 6.467823
992.842345 6.437794
993.285324 6.436933
993.387331 6.420678
993.455290 6.416708
993.564419 6.415873
994.593052 6.403264
996.812501 5.968383
996.913926 5.420391
997.079759 3.892243
997.124487 3.861674
997.187037 3.818301
997.891476 1.520594
