500.000000 2.000000
1.793122 985.839396
8.858321 940.289787
8.903450 940.138921
8.939623 940.137309
8.941172 940.104952
8.947412 940.067470
9.036186 939.876499
9.037459 939.824839
9.042626 939.754981
9.081633 939.753190
9.084871 939.741610
9.094822 939.706735
9.097487 939.695834
9.398660 939.532763
9.403893 935.963950
9.404176 933.041357
9.423591 931.412034
9.462301 931.285165
9.475658 931.284887
9.509992 931.284453
9.578959 931.190588
9.666278 931.135046
9.666599 931.116594
9.666675 931.115240
9.666926 931.114179
9.667257 931.093588
9.667289 931.084238
9.668048 931.073567
9.688816 930.905255
9.693745 929.814278
9.694516 928.408473
9.700356 928.163490
9.704550 928.089670
9.729883 926.512435
9.733966 925.839741
9.736783 925.682247
9.740255 924.408919
9.842660 924.385161
9.843466 924.019858
9.846848 918.674472
9.924541 917.344323
9.929769 913.874809
10.058820 913.019955
10.108587 898.377038
10.350210 872.243074
10.379393 866.770376
10.401316 866.433312
10.402178 865.910233
10.418336 865.821411
10.419176 865.407521
10.419188 865.304991
10.419695 865.278552
10.419921 864.921466
10.420710 863.987911
10.420738 858.846770
10.420757 858.834522
10.420759 858.607688
10.421469 858.329864
10.422029 857.915427
10.448626 857.892267
10.449684 857.812390
10.450348 857.756123
10.451338 857.696671
10.498048 856.873145
10.514674 852.866554
10.877148 852.212186
11.077535 851.718985
12.374016 850.770812
13.234907 850.446110
13.472412 844.670099
13.491928 844.416573
13.492019 844.411685
13.492083 844.410518
13.492099 844.397620
13.492171 844.336778
13.533252 843.500637
13.543939 843.453055
13.545777 843.436601
13.546830 843.317724
13.554491 843.267905
13.555284 843.240650
13.555572 843.238276
13.560201 843.222911
13.561817 843.203295
13.563583 843.185342
13.563734 843.176845
13.611457 843.027231
14.020028 835.842317
14.216536 826.243318
19.628166 814.341465
21.678255 814.320350
22.425236 814.196079
22.454913 813.321253
23.014071 813.209726
23.267667 813.160739
24.158398 812.463600
24.919941 812.438918
26.575422 812.412909
26.653762 812.385181
27.256111 812.384713
28.039889 812.382697
28.698362 812.376512
31.304714 812.373200
31.451982 812.370976
31.741194 812.370968
31.747418 812.370152
31.812738 812.364479
31.971467 812.360072
31.986074 812.343098
34.372786 812.293026
35.788862 812.248898
36.741483 811.157937
38.841494 797.362578
39.771653 719.043035
97.466356 711.338342
100.616249 676.452826
101.809056 670.615675
118.773436 655.657456
148.453958 644.627991
183.897514 597.458118
192.465279 595.940250
192.489891 595.939249
193.349027 595.929508
193.418923 595.929424
193.511597 595.929354
193.687457 595.928641
193.914499 595.928441
193.929589 595.927161
193.939720 595.926859
195.987828 595.923306
196.822887 595.921840
196.848807 595.920501
196.903145 595.911962
196.903460 595.911236
196.905620 595.906912
196.906783 595.902955
196.910443 595.902050
196.911756 595.898944
196.942704 595.781895
196.951462 595.771327
196.953695 595.758737
201.214848 595.572363
288.891163 594.896584
295.553627 590.829165
302.938891 588.452852
374.839792 583.310979
375.538958 583.179419
375.734179 583.141088
375.737222 583.130136
375.737892 582.442945
375.751909 582.378091
375.786837 582.338810
375.980789 581.638777
376.007003 581.586636
381.441885 581.159169
381.808210 581.024149
382.297033 581.017029
382.689488 580.800980
382.888539 580.193895
383.069710 579.956142
383.098415 579.682731
384.522185 579.523999
385.815384 579.447870
387.444409 579.174757
387.612697 579.017509
387.923793 578.953750
388.919834 577.849687
389.119749 577.467246
389.138322 577.134403
389.389387 577.084895
390.474599 577.010356
390.479090 576.879879
390.480485 576.796221
390.480574 576.753793
390.481119 576.647632
390.481640 576.577005
390.481640 576.574334
390.481640 576.568570
390.481640 576.559627
390.481640 576.554177
390.481640 576.531959
390.481641 576.480891
390.481765 576.390710
391.700613 576.107320
391.700626 574.555502
391.700952 573.762123
391.702431 572.342609
391.900344 571.930216
391.977112 571.618323
391.991756 571.425373
392.496198 555.729397
392.551415 554.950543
392.710675 554.031489
392.863833 551.487106
392.866133 551.484977
392.866661 551.384138
392.868217 551.357905
392.869192 551.350278
392.870789 551.346737
392.870886 551.342007
392.871159 551.339276
392.881201 551.226862
392.900578 548.374626
392.904238 548.370821
392.906285 548.143598
392.906651 548.019894
392.935927 547.098597
392.940852 493.168365
399.959505 483.139619
405.300831 476.166519
407.487207 470.597707
408.321471 461.205282
411.354440 456.413200
454.323956 456.147200
455.088871 455.540341
462.864326 455.429958
463.741713 455.367280
466.274335 455.273259
497.601561 455.257171
502.060528 455.251226
503.343198 455.173759
503.923662 454.854641
504.032967 454.721664
504.389875 454.618653
505.734093 454.341444
505.769244 454.178642
505.846470 454.175585
505.932289 454.175091
508.219566 453.627331
510.248708 453.553361
510.667136 453.542183
510.713723 453.541067
510.768801 453.537144
510.788062 453.533157
511.196827 453.529011
511.349111 453.528326
511.565609 453.519220
511.578213 453.425528
511.604676 453.416875
511.607542 453.416825
511.610618 453.416579
511.938130 453.393298
512.513970 453.349931
514.401004 453.331052
514.552217 453.328758
514.571548 453.324008
515.134718 453.317136
517.457712 453.292227
518.126963 453.255009
518.615109 453.251321
519.848894 453.249312
521.126854 453.249173
521.660195 453.239801
522.025502 453.237574
522.394113 453.235753
522.403979 453.233825
523.525904 453.226603
525.625050 453.125041
596.249560 443.634670
664.927184 441.226686
678.549470 438.384796
798.957604 402.357793
799.960678 402.098929
810.351898 401.934382
810.962418 401.698829
811.533350 401.665217
811.627904 401.644533
822.842547 401.284645
836.104663 400.773854
837.337872 400.714593
841.166240 400.713365
849.628113 400.696368
852.895237 400.562551
853.685570 400.547606
892.547498 400.455272
918.030981 394.044058
918.106888 393.592993
918.404567 393.540669
918.682202 393.436659
918.708778 392.421436
918.721610 391.747059
919.665565 391.711454
919.730575 391.711232
919.753919 391.428284
919.891677 391.407273
919.925537 391.406478
920.144470 391.406203
920.147718 391.405463
920.182892 391.402528
920.289176 391.401846
920.295027 391.400096
920.404746 391.399244
920.525352 391.398970
920.527215 391.387790
920.528572 391.387671
920.528825 391.387668
920.528861 391.387663
920.529489 391.387602
920.536117 391.387422
920.536450 391.387331
920.559274 391.386131
920.622014 391.385544
920.625934 391.385482
920.628308 391.385469
920.628642 391.385457
920.629157 391.385453
920.639535 391.385453
920.640435 391.385453
920.640908 391.385353
920.666731 391.385331
920.666735 391.385323
920.666741 391.385075
920.666766 391.384895
920.667053 391.384846
920.667084 391.384567
920.667187 391.383298
920.667203 391.382508
920.668513 391.381230
920.675438 391.379622
920.685772 391.378771
920.714867 391.378731
920.737671 391.372931
921.417433 391.372270
921.448116 391.371556
921.462823 391.370169
921.468276 391.369858
921.468530 391.369825
921.469506 391.369803
921.471760 391.369801
921.474053 391.367882
921.498759 391.367838
921.499511 391.367365
921.572472 391.367266
921.579183 391.366641
921.579308 391.366471
921.579652 391.366387
921.580014 391.366378
921.589862 391.366285
921.604000 391.366211
921.614222 391.366137
921.704225 391.361402
921.754138 391.361246
921.760147 391.361129
921.766823 391.360165
921.809267 391.359160
925.912374 391.339241
925.923816 391.336741
926.211995 391.336734
926.405863 391.335487
926.830484 391.334438
927.620595 391.333152
927.637394 391.332799
928.376190 391.301737
928.890315 391.294123
929.164800 391.293010
929.343175 391.278965
929.344704 391.276738
929.837361 391.276721
929.855387 391.276713
929.856052 391.276709
929.858440 391.276630
929.872880 391.276553
929.932959 391.276309
930.084320 391.276306
930.127839 391.276305
930.234871 391.276129
930.260211 391.275455
930.265035 391.245671
930.329216 391.240285
930.331280 391.230553
930.582029 391.226689
930.629406 391.224207
930.911641 391.223463
930.911835 391.199903
930.911848 391.199780
930.912004 391.199427
930.913718 391.197573
930.915677 391.197335
930.931807 390.991699
933.200805 390.914416
933.489054 390.866208
935.851035 390.794719
937.110132 390.790112
937.157461 390.786360
937.458807 390.697342
937.522143 390.594808
937.958896 390.589548
938.558566 390.010423
938.754531 389.999849
938.813439 389.999182
938.824241 389.997855
939.367616 386.613997
939.472145 386.568209
939.501335 386.339606
939.528622 385.945461
939.531538 385.641589
939.710069 385.232619
940.143874 384.066454
940.229747 383.339647
941.112934 383.260413
941.741537 383.201577
943.674683 383.168673
944.684495 382.959794
946.206442 382.694913
946.218943 382.253835
946.316096 382.161652
946.742338 381.112424
946.862826 376.259203
947.983539 367.214304
950.256988 362.019088
951.422316 359.810185
951.683999 357.678750
951.686863 357.367185
951.692960 354.493249
951.693467 354.305002
951.693526 354.299496
951.693556 354.045754
951.693560 354.042560
951.693578 353.678647
951.693906 353.335187
951.695590 353.308651
951.696573 353.290297
951.697109 353.253730
951.697371 353.248870
951.697662 353.243734
951.697665 352.922545
951.730445 352.201404
951.730515 352.131081
951.730626 351.823216
951.733366 351.212666
951.734963 350.727628
951.735131 350.583453
951.738735 350.576414
951.738738 350.576387
951.738779 350.576301
951.740102 350.440847
951.760579 350.403882
951.760621 350.403871
951.761044 350.403471
951.767137 350.398829
951.768182 350.383434
951.795496 350.360251
951.795624 350.314592
951.797032 350.189147
951.801551 349.845529
951.806113 349.801463
953.202575 349.730234
954.416808 349.466284
957.741494 348.908234
958.662183 348.521295
968.812705 68.369683
968.871687 65.137152
969.150749 63.800753
969.786164 62.743371
969.813901 59.604925
972.907482 58.517518
973.041107 56.831578
974.749065 56.684460
975.235434 56.617274
975.420051 46.705809
975.431797 46.521665
975.453696 41.496244
975.522350 38.466703
975.530043 38.174123
975.581378 37.730225
975.584698 37.570487
975.592213 35.399019
975.615437 34.977087
975.675893 34.341514
982.320705 23.816813
982.323970 23.807922
982.325215 23.805313
982.328936 23.799533
982.335615 23.747799
982.362592 23.647836
982.362685 23.639143
982.368457 23.612361
982.404723 23.511841
982.408800 23.506865
982.409957 23.498696
982.417244 23.415569
982.427339 23.079388
982.496986 23.078275
982.509961 23.077349
982.520109 23.076790
982.593222 23.076049
982.611358 23.075613
982.611952 23.074550
982.614023 23.074472
982.637651 23.060574
982.785960 22.778020
982.789864 22.731881
982.791523 22.730005
982.835763 22.728498
986.781066 21.864601
996.917266 19.058617
996.917769 18.769068
996.920376 18.124217
996.925401 3.329326
999.514448 0.538055
