500.000000 2.000000
0.000057 999.999832
0.000282 999.999481
0.000282 999.357926
0.000283 999.344615
0.000283 999.344329
0.000296 999.110541
0.000333 998.857522
0.000350 998.568199
0.000360 997.556601
0.000589 997.451473
0.000876 996.978909
0.000876 996.914523
0.000876 996.872224
0.000879 996.413672
0.000906 996.340875
0.000909 996.286289
0.000921 996.103058
0.000934 995.863582
0.000948 995.826923
0.003247 990.140811
0.004580 990.082074
0.005246 990.067604
0.005804 990.060161
0.006406 990.060146
0.006755 990.049711
0.007682 987.326999
0.008432 987.316521
0.008726 987.223547
0.009183 986.269114
0.010295 937.751715
0.021574 937.747384
0.038737 937.724983
0.055453 937.724980
0.061668 937.724813
0.074974 937.707885
0.100939 937.702748
0.113155 937.700317
0.114615 937.700285
0.115287 937.699650
0.576754 937.559312
0.899515 936.963601
1.014368 936.625538
1.610987 931.791019
1.670274 931.790040
1.704819 931.636566
1.758931 931.595945
1.813511 931.487428
1.960889 931.252341
2.591248 931.212907
2.614681 927.611997
2.918942 927.455467
11.640998 926.843527
11.744144 926.490872
11.807662 924.388713
11.839107 924.226270
11.869880 923.813600
12.551993 902.077947
12.620093 895.033541
48.312634 894.342167
49.418628 894.154281
49.804363 892.389949
52.810164 884.927573
53.937339 879.103531
54.103212 876.481714
58.024167 875.942756
58.034205 875.942223
58.035722 875.916043
58.369955 875.914059
58.581708 875.906160
58.711111 875.874364
59.320845 875.862283
59.967828 875.797422
60.057565 875.797046
60.123226 875.518478
60.128877 869.581115
60.146382 863.107460
60.393984 862.202674
60.394405 856.392657
60.394628 856.192722
60.395830 854.844191
73.574513 833.349201
98.736889 827.019659
102.351188 767.160788
104.837575 748.995943
109.872239 717.093508
109.920492 710.589083
109.981295 710.454795
110.401032 708.649648
111.019859 689.100436
115.896349 688.817846
116.430426 674.550436
122.171344 672.427065
123.562472 660.084256
123.783893 659.988368
123.901900 658.468256
124.359288 658.284362
125.529198 658.265395
125.981133 657.938305
129.481789 657.629099
137.121101 657.501509
142.950812 656.748517
143.350822 656.739333
143.999384 656.739321
144.095493 656.739252
144.146905 656.728609
144.148334 656.717128
144.213338 656.621193
144.218798 656.461544
144.230790 656.288405
144.234023 656.288246
144.236390 656.287791
144.256348 656.287696
144.262294 656.284205
144.263241 656.088144
144.264851 656.084330
144.265021 656.080656
144.270152 656.079623
144.275425 656.030336
144.298153 655.988079
144.308328 655.953338
144.309161 655.940749
144.309547 655.934503
144.313517 655.908316
144.317032 655.907326
144.326639 655.906926
144.341686 655.906755
144.352765 655.900970
144.373370 655.899555
144.415999 655.898329
144.416138 655.897717
144.416195 655.897384
144.416545 655.896634
144.417106 655.896570
144.417183 655.896463
144.417193 655.896408
144.417198 655.896396
144.417295 655.895236
144.417363 655.894721
144.418158 655.894071
144.419355 655.893442
144.419645 655.892778
144.419834 655.892267
144.420242 655.891355
144.420243 655.891355
144.420245 655.891351
144.420805 655.891350
144.421123 655.891201
144.426068 655.891195
144.431091 655.891058
144.444451 655.890982
144.451440 655.890310
144.464248 655.881512
144.464464 655.870489
144.464617 655.870371
144.464622 655.870240
144.464624 655.870141
144.464624 655.870107
144.464661 655.870020
144.464674 655.870014
144.464680 655.870009
144.464704 655.869365
144.466829 655.861136
144.472514 655.860603
144.475825 655.859587
144.495985 655.858956
144.496110 655.847980
144.497523 655.842794
144.499137 655.827941
144.500250 655.759744
144.525200 655.759632
144.525290 655.746811
144.525302 655.743770
144.526674 655.743474
144.529666 655.743395
144.529743 655.743281
144.531180 655.742773
144.531429 655.742223
144.610368 655.740679
144.633437 655.734253
144.636248 655.720844
144.636476 655.720269
144.636946 655.719740
144.637925 655.716155
144.639027 655.706312
144.639737 655.696610
144.639790 655.692835
144.639793 655.692388
144.694790 655.670897
144.694800 655.668844
144.694801 655.668814
144.694804 655.668751
144.694844 655.661850
144.694855 655.661527
144.694864 655.661227
144.694871 655.661226
144.694873 655.661208
144.694900 655.657238
144.694902 655.656416
144.694902 655.656405
144.694902 655.656397
144.694903 655.655745
144.694904 655.653933
144.694906 655.653874
144.694911 655.653337
144.694937 655.652509
144.694943 655.651618
144.694952 655.583115
144.695049 655.583112
144.696498 655.583108
144.697210 655.583095
144.697284 655.583072
144.697323 655.583071
144.697479 655.583071
144.697490 655.583042
144.697503 655.583036
144.697506 655.582761
144.697509 655.582512
144.697720 655.582426
144.697909 655.582349
144.697999 655.582309
144.698489 655.581877
144.698953 655.581838
144.699158 655.581710
144.699925 655.581652
144.700144 655.581640
144.701925 655.581628
144.702314 655.581588
144.702390 655.581577
144.702998 655.581494
144.704653 655.581254
144.707753 655.558572
144.708919 655.531768
144.709908 655.517445
144.709910 655.517397
144.709973 655.517345
144.710076 655.517308
144.710084 655.517301
144.710089 655.517300
144.710093 655.517300
144.710094 655.517300
144.710094 655.517300
144.710094 655.517299
144.710095 655.517299
144.710103 655.517298
144.710106 655.517298
144.710166 655.517127
144.710169 655.517094
144.710286 655.517077
144.710296 655.517069
144.710296 655.517069
144.710299 655.517069
144.710304 655.517069
144.710307 655.517068
144.710310 655.517067
144.710310 655.517059
144.710311 655.517053
144.710311 655.517015
144.710314 655.516974
144.710368 655.516941
144.710368 655.516703
144.710368 655.516697
144.710369 655.516695
144.710369 655.516681
144.710369 655.516661
144.710369 655.516654
144.710369 655.516653
144.710370 655.516652
144.710370 655.516647
144.710371 655.516623
144.710396 655.516308
144.710407 655.516295
144.710409 655.516113
144.710409 655.515920
144.710409 655.515877
144.710409 655.515847
144.710409 655.515805
144.710409 655.515789
144.710409 655.515711
144.710409 655.515570
144.710409 655.515473
144.710409 655.515234
144.710429 655.515234
144.710436 655.515233
144.710473 655.515232
144.710474 655.515232
144.710499 655.515231
144.710506 655.515231
144.710522 655.515231
144.710540 655.515231
144.710560 655.515231
144.710567 655.515230
144.710576 655.515230
144.710845 655.515092
144.713098 655.506470
144.723607 655.501485
144.723946 655.457945
144.725024 655.387374
144.725632 655.367079
144.729823 655.366046
144.731082 655.362997
144.736016 655.356003
144.736325 655.351831
144.738108 655.349683
144.739458 655.272671
144.739479 655.268302
144.740405 655.119349
144.741100 654.994981
144.747562 654.938327
144.847299 653.642639
145.819365 653.578667
151.751856 651.987432
152.137000 650.474071
153.013967 647.604177
160.717153 645.852529
161.660271 644.395907
161.783642 643.459487
161.845378 642.991586
167.848125 641.637582
168.732576 641.424974
170.960001 641.411372
171.006244 640.515374
171.063087 640.453201
171.079585 640.204147
171.095605 639.747287
171.100269 639.720448
171.113569 639.323747
171.249666 639.289144
171.258016 639.255410
171.446888 639.197315
171.448029 639.197311
171.449985 639.197306
171.452421 639.197303
171.452556 639.197303
171.452606 639.197303
171.452608 639.197303
171.456327 639.197301
171.499890 639.196655
171.500116 639.185134
171.501800 639.151514
171.522374 639.150078
171.538380 639.143027
171.565234 639.121674
171.573426 639.121638
171.583544 639.121209
171.608701 639.121154
171.622086 639.121059
171.629656 639.121051
171.688958 639.121047
171.763976 639.120885
171.780950 639.103987
171.811024 639.103257
171.818476 639.103239
171.825425 639.103205
171.865501 639.039850
171.948370 638.982966
172.031095 638.975108
172.567959 638.966941
172.704337 638.957661
174.078254 638.935457
175.289826 638.932087
175.308583 638.918983
175.625835 638.835890
175.626105 638.736949
175.626714 638.603170
175.627727 638.477864
175.672590 637.777012
191.819270 637.734633
195.819776 637.724345
197.208758 636.960526
197.372148 635.896807
200.849048 635.847082
201.069360 635.751804
201.113581 635.686945
201.115303 635.661355
201.196999 635.641226
201.253370 635.632049
201.268315 635.426759
203.690289 635.321545
226.479447 635.015739
229.270565 628.239803
232.259827 627.012907
232.712767 622.576602
232.761865 622.345570
232.762336 622.330408
232.763425 622.321873
232.765661 622.320258
232.765803 622.316286
232.769494 622.308182
232.774032 622.279325
232.776566 622.193098
232.783809 622.158841
232.845457 621.630430
232.871879 619.422492
232.907794 618.341761
232.937937 618.223560
232.939042 618.108116
235.989135 418.785654
237.227605 418.778022
238.211653 418.624173
238.443270 418.612181
265.506471 418.544803
302.884562 418.505879
323.648468 418.502274
338.110888 418.482248
382.623326 416.184835
395.511337 382.782430
398.853907 363.445867
400.260973 362.654522
411.263613 358.826922
414.766543 353.930742
417.572907 347.361533
420.117895 311.035509
427.588868 298.054509
432.652676 296.193693
432.656936 295.775426
436.795116 290.128369
441.899915 287.948040
443.414563 284.023742
443.483039 263.093803
443.886221 260.430851
447.917226 234.110135
447.998323 234.109891
448.017545 234.109244
448.028920 234.108710
448.036161 234.108694
448.079777 234.108692
448.085974 234.108479
448.086521 234.108124
448.224634 234.107720
448.248407 234.107720
448.249005 234.107719
448.253960 234.107719
448.255531 234.107719
448.256447 234.107715
448.267252 234.107616
448.275571 234.107546
448.278846 234.107532
448.410347 234.107531
448.415544 234.107476
448.492868 234.107290
449.284399 234.106729
449.298582 234.106415
449.335824 234.106377
449.968193 234.095291
451.538473 234.089399
451.973495 234.057916
452.275646 233.780003
452.375446 233.779785
452.445391 233.779447
452.452426 233.778772
452.722112 233.778767
452.756326 233.778753
452.792984 233.778747
452.806014 233.778746
453.134794 233.776141
453.434260 233.752840
453.843832 233.726625
454.481709 233.720925
454.854512 233.690917
455.685913 233.562636
455.842568 233.412367
455.844597 233.412367
455.874823 233.412355
456.048858 233.412276
456.086519 233.411970
456.154138 233.411772
456.207509 233.411710
456.387423 231.187785
456.429548 228.968787
456.715993 222.155450
457.427268 221.017561
462.301944 205.037105
542.286528 202.255848
549.575355 182.295228
557.417567 180.673337
712.258693 174.809740
722.823770 135.945645
756.827873 107.463471
766.637170 105.996318
782.709556 103.918961
787.864075 103.688854
790.643786 100.300098
792.205775 98.591491
792.475802 96.514753
793.982276 96.429552
800.171264 96.029132
802.925945 95.852008
806.093607 95.750463
810.001403 95.696858
843.229425 95.523700
845.487953 94.648248
872.271804 87.302357
892.058145 86.721263
925.535575 82.684413
926.334937 32.753655
948.541379 27.932762
951.416264 25.195659
953.415427 14.267456
971.339180 0.333247
971.385422 0.133310
