500.000000 2.000000
0.674919 999.991703
1.411805 999.976661
1.600407 999.967019
9.144755 999.905608
11.468238 999.866549
20.426866 999.860016
20.689967 999.822662
20.778626 999.763281
23.363161 999.750733
25.291507 999.739774
28.349071 999.724388
29.364917 999.714915
35.087351 999.684128
36.250065 999.678056
43.853587 999.677714
45.382728 999.677429
46.850540 999.669378
47.700678 999.470191
50.251919 999.384207
51.292087 999.321377
51.293882 999.278652
51.294656 999.261675
51.307199 999.191256
51.314172 999.157170
51.494077 999.104073
51.650065 999.093817
52.253369 999.083019
52.809363 999.078813
54.376602 999.033279
54.468447 999.012825
54.866426 998.965099
55.234561 998.929932
55.343448 998.926939
55.373261 998.922789
56.447594 998.827887
56.449430 998.825733
56.501560 998.822156
56.700513 998.821883
57.015505 998.819003
57.026549 998.817792
57.031533 998.817444
57.051487 998.799148
57.113885 998.795988
57.135210 998.789072
57.162387 998.787497
57.369215 998.751531
57.399577 998.718149
57.447646 998.647301
57.495918 998.567716
57.739879 998.521579
57.904625 998.497002
58.002407 998.436277
58.002818 998.433157
58.019474 998.422892
58.019502 998.422832
58.021220 998.422196
58.082582 998.421058
58.083955 998.319576
58.207436 998.296424
58.219626 998.290666
58.356187 998.290631
58.484907 998.280325
58.556979 998.273653
60.313774 998.185607
62.423612 998.137604
62.424150 998.133490
62.428146 998.132367
62.437119 998.122376
63.281427 998.103966
64.742603 998.057719
64.771939 998.018022
64.898683 998.010159
64.979039 997.729477
66.355621 996.749540
66.480957 996.739068
67.545180 996.727636
67.564991 996.656497
67.579048 995.959541
68.430601 995.879180
69.002207 995.870486
70.159152 995.857529
70.379897 995.748602
70.456201 995.697717
70.581562 995.695869
71.888279 995.680920
72.127482 995.680918
72.167477 995.679547
72.190752 995.677805
72.452870 995.676012
72.457071 995.674594
72.457505 995.609945
72.987068 995.019008
73.086299 994.983305
73.334444 994.625314
73.362380 994.535049
73.369621 994.502541
73.371509 994.472870
73.373504 993.924091
73.621410 993.752009
73.626628 993.610437
73.637926 993.557078
73.654472 993.541108
73.663550 993.509302
73.715025 993.507507
74.121993 993.505695
74.146416 993.471386
76.504869 993.448934
85.769434 993.420139
87.695046 993.344028
88.065244 993.001722
93.568708 992.717623
93.789614 992.601961
95.300817 992.241549
108.704950 991.982694
108.772100 991.948757
110.949128 991.943280
116.269923 991.942477
122.697369 991.935992
125.833048 991.858112
126.195085 991.468765
126.251253 991.429470
126.492118 990.440603
126.493505 990.429596
126.515607 990.235289
126.521518 990.169941
135.867010 990.075937
139.242570 989.796886
139.842970 989.796716
140.039753 989.795375
140.484545 989.793917
140.777797 989.769850
142.056389 989.754026
142.180288 989.741805
144.915269 989.713704
145.609439 989.660924
145.895439 989.620283
150.222869 989.552774
150.261570 989.550857
150.345656 989.525011
150.361246 988.996881
150.494539 988.931857
185.847442 988.271995
203.246191 988.010427
232.432108 983.327310
233.126093 983.325180
277.312654 983.297105
324.335075 983.185771
325.099752 983.180681
325.920138 983.175394
331.553678 983.170304
333.505079 983.167968
333.697743 983.167952
334.049714 983.167952
334.098973 983.167952
334.546632 983.167947
337.895376 983.167936
343.633881 983.167910
363.383924 983.167549
367.128746 983.166015
370.374071 983.166011
370.595544 983.166001
399.680044 983.142973
400.989036 983.137926
416.619178 983.122773
427.341313 983.122299
436.497126 983.122039
446.246595 983.121258
451.245412 983.015491
485.976357 982.905341
498.365696 982.848761
530.793771 982.812251
533.406751 982.811981
533.675331 982.811648
533.762995 982.811547
533.771152 982.811220
534.799300 982.810476
535.106850 982.809863
535.172376 982.807883
535.267612 982.807273
535.308498 982.806271
535.323091 982.806202
535.455063 982.806180
535.511302 982.806157
535.545764 982.806140
536.426253 982.805766
536.689222 982.805755
537.635586 982.805728
537.683691 982.805620
537.703023 982.805229
537.896310 982.805223
539.660909 982.804422
542.347449 982.803897
545.964758 982.802822
549.287457 982.802346
551.030502 982.801935
556.935115 982.798001
557.171003 982.792388
557.220379 982.791150
557.222854 982.789311
557.225036 982.787688
557.241283 982.784635
557.249159 982.784423
557.278598 982.782928
557.349278 982.782606
557.418909 982.780304
558.002179 982.777117
558.202366 982.775502
558.401927 982.775292
558.990345 982.773926
558.990596 982.771063
558.990796 982.770740
558.990804 982.770739
558.990820 982.770739
558.990824 982.770729
558.991909 982.770335
558.993564 982.770072
558.995616 982.765558
558.998657 982.765547
559.000366 982.765480
559.000714 982.765442
559.006467 982.765248
559.012962 982.765100
559.017527 982.762354
577.967470 982.738215
578.544098 982.659471
582.645299 982.648035
582.647575 982.640864
586.868098 866.220553
610.364814 864.945834
623.808367 861.383165
632.445984 819.084177
635.164286 816.170385
635.175292 814.706605
635.193432 814.460388
635.194287 814.343635
635.196194 814.149383
635.305894 809.901013
635.592425 808.793340
640.897743 805.370647
655.693593 800.156065
656.004064 800.105691
656.028489 799.928716
656.032199 799.895963
656.148296 799.842697
656.301070 799.488419
656.337327 799.275624
656.904225 795.588741
657.582371 793.108348
658.570827 788.290497
659.087142 778.788103
666.085215 770.159668
671.070856 756.931016
690.368000 751.377808
692.486704 745.796003
704.897116 739.062154
711.628015 728.743058
716.778571 689.787047
722.438032 678.476666
744.413561 677.028929
745.113397 672.635280
747.032705 672.049772
747.119469 668.314812
747.186682 667.806791
747.187690 661.465720
747.206593 655.208424
749.991141 652.165714
750.213525 650.725090
750.570512 645.950104
750.572343 645.950055
750.572652 645.950039
750.576982 645.949613
750.728010 645.948948
752.396256 645.948352
753.197084 645.947906
768.986256 644.178850
817.806980 607.663658
820.255903 607.177628
826.569527 606.718981
881.401582 606.592918
881.648620 606.592462
913.411149 606.590201
930.110558 606.557078
930.206432 604.246415
930.236696 602.185147
930.238878 601.367805
930.318308 600.599525
930.318449 600.478868
930.320371 600.204491
930.320575 600.169805
930.321287 599.315905
930.332508 599.314140
930.337483 599.311928
930.435318 598.668333
930.531210 598.369074
930.552549 598.026984
930.562514 598.025641
930.570589 598.022272
930.587102 598.019809
930.596848 598.019783
930.675705 597.997165
930.701926 597.910860
930.705609 597.874802
930.718333 597.849914
930.726698 597.848803
930.730209 597.723835
931.103892 597.361643
931.134137 595.871696
931.147384 595.819963
931.179544 595.810643
931.182696 595.722074
931.194559 595.698893
931.208164 595.611591
931.374672 592.345093
931.414649 592.315576
931.424977 592.170409
931.453657 589.893604
931.531549 589.765706
931.717043 585.357219
931.743692 585.346793
931.756933 585.247282
931.761100 585.236674
931.768442 584.674790
931.787917 584.644141
931.867504 584.086732
931.887814 584.058269
931.920224 583.589039
936.214025 582.215787
937.617873 581.041224
937.762828 579.517118
937.815711 529.843799
937.882445 528.634175
937.908836 528.424261
937.920043 472.353565
938.058469 469.299722
938.631474 453.176616
951.679525 338.032840
956.246037 329.433112
958.668932 325.188117
959.529671 318.896232
962.680476 274.314339
963.814862 250.498110
963.967089 239.573938
964.234774 238.365580
964.463062 237.416656
965.133999 236.957991
965.141896 227.327630
965.539477 224.541097
966.550935 217.391298
966.553890 217.362042
966.571779 173.032618
966.836844 172.834285
967.113611 172.055714
967.648445 168.234778
967.654642 168.173750
967.658842 168.095496
967.659113 166.921934
967.660935 166.891105
967.684393 162.475989
969.357808 138.901018
970.178348 137.562584
970.890797 135.829370
970.906500 83.557266
970.906563 71.167851
970.910426 69.620895
970.911542 67.071030
970.917057 66.100389
970.923676 64.810320
970.942295 64.297486
970.943051 64.289266
970.943161 64.272068
970.943291 64.269265
970.943296 64.264332
970.944764 64.257910
970.947320 64.195336
970.947323 64.174729
970.947326 64.165876
970.947334 64.163813
970.947432 64.163803
970.947494 64.152636
970.947507 64.100407
970.947517 64.096240
970.947714 64.081654
970.948028 64.059192
970.948097 64.027646
970.948161 64.025362
970.949098 63.789235
970.949178 63.731229
970.949321 63.512747
970.950281 63.171173
970.950802 63.016963
970.952985 62.679755
970.955434 62.543044
970.959756 61.784068
970.959904 59.839680
970.961082 59.536630
970.961349 59.506082
970.961671 59.394868
970.961746 59.332974
970.962069 59.320394
970.962134 59.306009
970.962138 59.303373
970.962139 59.302285
970.962146 59.299737
970.962149 59.295518
970.962176 59.294166
970.962181 59.294081
970.962181 59.293284
970.962181 59.293076
970.962182 59.292722
970.962182 59.292483
970.962182 59.292132
970.962182 59.292026
970.962183 59.292024
970.962184 59.292012
970.962184 59.292005
970.962184 59.291982
970.962184 59.291371
970.962185 59.291018
970.962185 59.290923
970.962191 59.290864
970.962191 59.290842
970.962191 59.290746
970.962191 59.290743
970.962191 59.290729
970.962191 59.290728
970.962191 59.290711
970.962191 59.290707
970.962191 59.290707
970.962191 59.290704
970.962191 59.290703
970.962191 59.290674
970.962191 59.289517
970.962193 59.289044
970.962193 59.287315
970.962205 59.284169
970.962210 59.283068
970.962213 59.282872
970.962213 59.282867
970.962214 59.282799
970.962214 59.281924
970.962244 59.277819
970.962249 59.245647
970.962249 59.229834
970.962250 59.207215
970.962250 59.205411
970.962250 59.203098
970.962250 59.203049
970.962250 59.202539
970.962251 59.201384
970.962252 59.200998
970.962252 59.200092
970.962255 59.168946
970.962256 59.140487
970.962284 59.139630
970.978276 59.072435
970.981178 59.036209
970.988059 58.995550
970.996889 56.191142
971.003905 56.187660
971.004766 56.160522
971.006158 56.149121
971.008314 56.144980
971.008561 56.138748
971.009268 56.060420
971.010896 56.024969
971.015191 55.808046
971.015236 55.709359
971.015632 55.693519
971.015691 55.382423
971.015922 55.212676
971.016360 55.085182
971.016385 54.993425
971.016392 54.940650
971.032236 54.718414
971.040479 54.710277
971.072112 54.582280
971.103060 54.513950
971.153645 54.423392
971.170687 54.378313
971.188905 54.296847
971.193106 54.056778
971.228454 54.014730
971.463188 51.575533
972.176661 50.816771
972.516964 17.433923
973.826568 14.707667
974.520323 14.143334
975.066486 9.327046
975.383702 7.164071
984.988712 7.113031
986.541368 7.071374
987.185615 6.884177
987.653694 6.878883
988.537997 6.258020
988.548523 5.878169
988.551337 5.742253
988.554011 5.484268
988.563376 5.224961
988.574734 4.959566
992.345644 2.700187
