500.000000 2.000000
0.000047 999.845160
0.000355 999.708643
0.002853 999.668996
0.006671 999.620442
0.009316 999.570953
0.015331 999.317423
0.040940 999.083306
0.171148 996.440779
0.207636 982.775967
0.224783 982.391770
0.241708 981.970102
0.248961 981.275741
0.320344 980.778472
0.328486 979.381134
0.329376 979.167557
0.330192 979.032123
0.331004 979.021433
0.365010 978.783873
0.368021 974.972765
0.825772 972.926070
0.833919 969.808011
0.834010 969.029559
0.840172 964.324687
0.878660 941.582035
0.881721 940.030112
0.884183 939.856130
0.885948 939.854446
0.886688 939.848387
0.889195 939.830701
0.889350 939.744147
0.955301 938.158337
1.046804 935.883485
1.049197 935.542214
1.072889 932.645220
1.074215 932.416743
1.074516 931.908349
1.074574 930.669548
1.074725 930.126726
1.074855 930.102375
1.075539 930.100549
1.075587 930.098890
1.075630 930.098879
1.075790 930.098675
1.075928 930.097992
1.077739 930.097559
1.078695 930.081585
1.079437 930.076103
1.079714 930.048494
1.113786 929.527082
1.138194 928.411621
1.332390 927.186738
1.340827 926.293426
1.383895 925.843716
1.384309 925.721073
1.395559 925.538257
1.554317 916.520899
1.554374 914.733791
1.554375 914.718383
1.554375 914.700321
1.554378 914.676560
1.554378 914.652688
1.554392 914.570097
1.554415 914.563027
1.554485 914.383809
1.554505 914.257764
1.554506 914.254511
1.554507 914.210508
1.554510 913.757307
1.554528 912.993320
1.554614 911.767488
1.554898 911.626797
1.554912 911.571357
1.554913 911.556872
1.554935 911.418936
1.554935 911.416544
1.554936 911.415473
1.554937 911.411578
1.554937 911.348424
1.554937 911.303144
1.554938 911.198911
1.554977 910.962213
1.555032 910.899299
1.555069 910.889185
1.556320 910.707895
1.556441 910.669814
1.557250 910.665712
1.557256 910.662595
1.557256 910.662379
1.557256 910.662278
1.557256 910.662248
1.557257 910.661770
1.557257 910.661737
1.557257 910.661563
1.557257 910.661539
1.557257 910.661423
1.557257 910.661189
1.557257 910.660394
1.557257 910.657232
1.557354 910.656900
1.557436 910.656233
1.557466 910.655780
1.557471 910.655754
1.557471 910.655741
1.557471 910.655731
1.557530 910.655713
1.558086 910.655666
1.558213 910.655655
1.558215 910.655645
1.558312 910.655639
1.558325 910.655596
1.558380 910.655557
1.558507 910.652158
1.558686 910.652106
1.558885 910.648919
1.558943 910.648904
1.558944 910.648576
1.558945 910.646945
1.558951 910.646590
1.558973 910.646449
1.558990 910.635780
1.559003 910.621901
1.559035 910.533966
1.559556 910.183576
1.559646 910.156681
1.559775 910.061364
1.559882 910.055603
1.559901 909.488653
1.559993 909.393237
1.560005 909.215170
1.560081 909.214869
1.560102 909.214484
1.560132 909.069324
1.560154 909.056721
1.560154 908.948792
1.560154 908.845297
1.560169 908.798678
1.560175 908.429054
1.560220 907.800200
1.560820 907.695452
1.560956 906.765820
1.561201 905.019678
1.568986 900.143067
1.571038 899.776199
1.606754 899.220520
2.472620 899.197266
2.538989 899.182000
3.393167 897.135684
3.721477 897.110500
4.918514 893.683230
11.773275 885.931092
11.883355 884.727719
11.942310 881.100477
12.469199 879.232880
12.832997 877.678226
13.147780 877.448934
15.539731 875.517619
21.560635 872.593904
22.255793 866.747898
22.697196 855.219836
34.557702 745.181141
36.825664 744.998259
37.069743 744.695614
38.618825 743.670891
38.759261 743.575303
38.910587 743.512705
39.005795 743.365181
40.582323 743.187376
40.590977 741.587434
50.959849 741.533332
51.626683 741.521601
51.804247 741.384562
51.810732 741.305229
51.820609 741.222036
51.823533 741.211329
51.825556 741.209123
51.827253 741.205382
51.839433 741.205024
51.910941 741.204967
56.632083 741.034184
174.312001 740.678695
208.933912 740.287277
224.424321 740.287235
229.018227 740.286917
279.527857 739.922474
424.937456 739.471652
425.018230 739.470385
425.020967 739.469774
425.058641 739.469687
425.275279 739.458193
425.275323 738.902304
425.980251 738.805889
428.567459 738.726629
447.366498 731.441145
447.573051 731.032490
447.852115 730.915656
447.875623 730.790653
449.673461 730.714342
452.494922 730.583009
665.588422 730.372490
665.897332 730.270259
674.147992 730.130334
695.999677 730.083294
696.417529 729.536501
696.591171 729.528834
696.941265 729.521673
696.941408 729.517628
696.944504 729.515291
697.038067 729.512302
697.050043 729.511540
697.053078 729.278543
697.875571 729.239316
697.889267 729.208571
697.969279 729.191241
697.976203 729.188611
697.985621 729.174282
697.987367 729.032228
697.990699 729.005505
697.990841 728.977931
697.990884 728.908140
697.990924 728.822146
703.285977 727.369896
708.763780 727.220787
709.645443 726.292845
709.827736 726.282287
709.920531 726.282231
709.993245 726.282225
710.018440 726.282075
710.106237 726.280163
711.962412 726.142152
746.452216 725.450038
751.249924 725.163652
751.906647 725.081653
751.980478 724.961527
752.244940 724.912346
752.257578 724.912295
752.260347 724.912277
752.266087 724.912154
752.266146 724.912107
752.281345 724.912071
752.292843 724.909774
752.344554 724.908233
752.382207 724.845120
753.924504 724.840078
753.924537 724.838970
753.924555 724.838218
753.924692 724.838069
753.925021 724.837117
758.704158 724.830394
761.443734 724.782582
761.453233 724.659646
761.882117 724.633103
761.899253 724.630947
762.057309 724.605219
762.933387 724.434662
769.604120 724.424222
769.830549 724.419063
770.072020 724.416434
770.255242 724.415803
772.724538 724.291090
778.491541 723.890595
778.491551 723.888140
778.491565 723.884911
778.491908 723.884689
778.505639 723.882238
778.508614 723.882009
778.552003 723.881968
778.552489 723.881931
778.552839 723.881805
778.557014 723.865021
781.374825 723.613825
782.646377 723.519862
784.022963 723.480677
784.457327 723.473137
784.716054 723.445013
784.735504 723.415346
784.758030 723.412123
784.917081 723.335621
786.063515 723.260416
788.994996 723.140697
789.393347 722.414333
790.626299 722.322168
790.676459 721.813449
796.224241 721.300912
797.122635 721.158615
797.185687 720.074517
797.742598 719.013930
797.826439 718.361404
805.595591 718.359783
810.167546 718.352140
814.780981 718.341656
830.812469 718.055740
831.895351 717.413962
833.349966 717.165115
833.369792 717.133289
833.397661 717.128390
833.421426 717.117272
833.485590 717.109770
833.487440 717.090116
833.487456 717.067837
833.487473 717.032987
833.487494 717.023795
833.487653 717.015082
833.489381 717.012778
833.491532 712.590471
833.781545 710.242178
833.784852 710.101017
833.791196 710.048026
838.908378 704.339720
841.822656 642.954677
846.759270 620.025283
862.764546 591.925375
863.135154 568.521253
863.338332 554.755237
863.343176 541.991414
863.350404 534.955130
863.356340 517.602447
863.358864 497.498038
863.367854 401.393407
863.378333 389.148042
863.379036 380.223516
863.379178 380.108544
863.379277 379.274379
863.379296 378.582519
863.379349 378.563305
863.379381 378.285744
863.379557 377.803709
863.380115 373.319278
863.380117 372.441718
863.380122 371.974352
863.380123 371.933364
863.380126 371.472655
863.403551 359.086421
863.404353 358.959368
863.546241 348.950896
863.635948 345.698780
863.793338 326.081914
863.949412 323.096433
864.389000 319.577013
864.645330 319.258894
871.143443 293.525232
871.202841 293.503980
871.434116 293.501502
871.435384 293.498787
871.437248 293.482103
871.437729 293.442133
871.439320 290.159814
871.503903 281.960202
871.567842 267.220618
871.571916 263.186328
871.579378 261.197146
871.613893 245.926985
871.684541 243.755152
871.695983 235.926191
871.698896 235.910902
871.718825 235.876094
871.720595 235.815924
874.153857 234.765704
874.266533 234.629572
874.309841 230.662453
874.352794 226.066936
875.757436 225.514476
877.192795 224.743746
877.548458 224.740294
877.644490 224.739283
880.824336 223.854353
880.888562 223.842060
880.942931 223.825423
880.954465 223.821736
881.003027 223.816710
881.149706 223.816363
881.269076 223.747006
881.272616 223.666042
881.276137 223.620831
886.838626 221.941828
887.789228 221.723699
889.351802 221.520870
890.519847 221.455059
890.864197 221.450357
890.891161 221.393202
891.027381 221.393202
891.137553 221.393202
892.480205 221.393190
892.501373 221.386553
892.510095 221.373775
892.648939 221.370114
892.797384 221.219122
892.827011 220.294965
892.850128 220.224185
893.767935 219.803468
894.400421 219.746066
894.657314 219.732710
894.659156 218.509101
894.659822 217.468810
894.662657 217.285242
894.670656 217.281249
894.670942 217.267291
894.671019 217.199174
894.677355 217.170869
894.745912 215.888384
894.787330 215.273201
894.861220 214.704272
912.840516 171.762950
912.867285 171.761514
913.272027 171.685676
913.350884 171.421191
913.872201 171.400800
913.874628 171.375553
913.902607 171.366237
913.926151 171.366045
913.940523 171.364930
913.976486 171.364174
914.077076 171.363139
914.081533 171.363071
914.111424 171.363021
914.113663 171.362997
915.034523 171.323869
927.891765 171.182372
928.783103 171.180197
929.746056 171.100806
930.313982 171.091371
930.489196 171.062839
930.574169 171.037143
939.778817 171.021601
940.206631 170.697168
940.229174 170.628903
940.743592 170.474166
940.770255 170.296390
940.816322 169.995697
942.619640 169.221112
944.046927 167.061840
945.764513 166.651953
945.766128 165.911661
945.767660 162.868518
945.774773 161.964377
945.775436 161.933848
945.775470 161.843947
945.776356 161.802865
945.787261 160.660472
954.068906 102.580964
955.397213 90.988051
955.557286 73.129852
955.560481 72.873280
955.560678 72.051694
955.562643 72.031864
955.562647 71.737603
955.562861 71.561101
955.562937 71.537474
955.648729 53.148507
955.774570 34.848844
957.037363 34.848483
957.307568 34.842837
958.229354 34.839863
959.410582 27.384790
959.750910 27.272313
959.915523 27.249819
959.967146 26.855108
959.969048 26.790885
959.973314 26.783360
960.076459 26.746777
962.084851 26.288766
963.295249 24.741072
963.374842 24.417711
963.590835 24.047072
963.817572 20.795285
969.702423 3.030681
974.729493 2.421912
994.330102 1.793152
994.704565 1.769092
994.714100 1.759647
994.733779 1.753607
994.816864 1.641527
995.142812 1.631113
995.869089 1.621746
998.217819 1.587312
998.217854 1.563094
998.218110 1.559517
998.218171 1.550112
998.218315 1.528573
998.218321 1.491502
998.218903 1.487303
998.534606 1.003310
998.537161 1.002785
998.537428 0.999113
998.539710 0.979437
998.540593 0.977889
998.540664 0.947572
998.541176 0.931638
998.541292 0.930288
998.545679 0.930275
998.553434 0.930260
998.553537 0.930222
998.554959 0.930199
998.555686 0.930188
998.557359 0.930114
998.558487 0.930050
998.558763 0.930026
998.603062 0.924300
998.685800 0.811236
998.733353 0.780952
999.321067 0.742071
