500.000000 2.000000
0.007335 999.999365
0.014386 999.994896
0.017296 999.981732
0.017940 999.972398
0.031964 999.964442
0.277160 999.932643
0.403958 999.931920
0.593475 999.926044
1.235389 999.921852
1.593090 999.919314
1.624653 999.813549
1.720710 999.108618
1.997947 998.693207
2.355086 998.619708
2.379560 998.610389
2.380986 998.419408
2.383665 998.322511
2.434648 926.585579
2.575271 924.074158
2.950764 915.714908
3.030331 915.660041
3.036809 915.658694
3.041800 915.656794
3.458590 912.586935
3.460307 910.897198
3.486237 910.431354
3.489430 908.077906
3.491779 901.996992
3.491916 901.153354
3.494434 894.351454
3.607888 885.789288
3.642647 881.319671
3.745847 877.750362
3.761471 877.737859
3.762768 877.494945
3.765655 877.479777
3.770593 877.098095
3.771119 877.087169
3.772139 877.083319
3.772200 877.078639
3.773231 877.062284
3.858584 875.611760
3.975385 872.911351
4.275883 869.528515
4.561775 860.916637
4.701371 853.498701
8.937890 852.062233
9.581650 852.059879
9.651216 852.044546
9.900228 852.039688
9.900504 851.852761
9.900658 851.685103
13.566588 851.680522
13.892192 851.656254
14.123765 851.260519
14.155060 851.214456
14.381727 851.074561
14.566905 851.054548
14.604497 851.054476
14.623068 851.053764
14.624564 851.051539
14.876175 851.047264
14.881597 851.044539
14.995124 851.042362
15.332583 851.033705
15.600600 850.962591
15.665332 850.945095
15.847545 850.825518
18.596656 850.644107
19.720236 850.285549
20.838771 846.837709
21.632462 845.732366
21.669368 845.665318
22.108439 845.639886
23.325983 840.752856
23.959545 832.538805
40.975691 831.585840
85.027837 831.468245
97.063431 831.002636
99.817623 830.610298
99.870977 830.481460
100.180203 830.473438
100.578791 830.463564
101.373421 830.278674
101.638925 830.257914
101.780020 830.124635
101.900797 830.016440
103.056043 829.941501
103.260938 829.880794
103.448713 829.808453
103.453747 829.176920
103.516423 828.874220
103.516988 828.862223
103.517108 828.807225
103.533056 828.697785
103.533257 828.516253
103.533381 828.475392
104.928780 828.086718
105.192434 827.965957
105.424348 827.947808
106.009450 827.617026
106.016744 827.226425
106.071743 827.190471
106.112690 827.113555
106.134837 827.071131
106.221026 827.063154
106.314420 826.957235
106.329970 826.929861
106.338580 826.922920
106.448828 826.810288
106.450542 826.806506
106.453066 826.799965
106.457298 826.707880
106.469604 826.458863
106.471186 826.314664
106.504691 826.313420
106.519562 826.311132
106.531194 826.310513
106.534805 826.310444
106.539203 826.309924
106.542509 826.309504
106.542612 826.309417
106.544609 826.309258
106.556067 826.307503
106.634522 826.305896
106.668168 826.304869
106.797670 826.239538
106.898576 826.224007
106.937365 826.010008
106.963133 825.446318
106.972993 825.287735
106.978278 825.281207
106.978659 825.262502
107.004637 825.236682
107.005188 825.222700
107.007126 825.221305
107.007833 825.219050
107.009274 825.212092
107.019070 825.210426
107.022403 825.210357
107.086430 825.210356
107.086495 825.209483
107.111152 825.209410
107.142445 825.209367
107.155281 825.209367
107.258428 825.191587
107.334379 825.177928
107.359139 825.060271
107.564514 825.044169
107.647155 824.924341
107.675236 824.793708
107.675616 824.793326
107.680992 824.790969
107.683128 824.790858
107.683191 824.789005
107.739851 824.778085
108.036467 824.769670
108.215941 824.769492
108.236085 824.767837
108.273040 824.762004
108.273588 824.761093
108.273640 824.760365
108.273851 824.759324
108.273908 824.757810
108.276021 824.757558
108.451178 824.688350
108.480836 824.675034
108.485959 824.666553
108.491365 824.666204
108.499025 824.620933
108.504259 824.611642
108.536248 824.573310
108.609359 824.463566
109.352278 823.652675
109.591845 822.926662
109.636334 822.873367
109.660508 822.862572
109.839729 822.861564
109.840169 822.853972
109.951346 822.756665
109.952554 822.068814
109.953815 821.850101
109.955504 821.817849
109.956237 821.760794
116.847489 821.672237
121.018413 821.647815
121.369386 821.635040
121.369676 821.622986
121.371811 821.620158
121.372187 821.600919
121.372433 821.592272
121.374924 821.561466
121.413967 821.559793
121.429686 821.559785
121.430869 821.559782
121.431238 821.559779
121.436411 821.559776
121.436936 821.556505
121.440472 821.553755
121.443467 821.460957
121.964493 819.797644
122.446936 819.780642
122.712590 819.762234
126.403004 819.724843
126.631744 819.673391
126.773198 819.599019
127.135388 819.418912
127.168271 818.882682
127.676921 816.115096
127.681528 815.769595
127.681990 815.767247
127.681998 815.766445
127.682021 815.765125
127.685365 815.758931
127.698045 815.662863
128.365319 815.584093
128.511179 815.299306
129.223630 815.268431
129.504488 815.236299
130.055408 815.170433
130.224664 814.586156
130.259717 814.146496
130.399948 814.113366
130.761965 814.010683
130.947833 813.852672
131.415467 813.728120
131.738414 813.675372
131.787422 813.563149
131.930136 812.951236
133.785349 812.277127
135.327310 811.652005
135.341827 804.410113
135.731925 804.303126
136.142698 802.444271
136.151274 802.435893
136.168423 802.433905
136.513405 802.432395
136.521116 802.344360
136.834656 802.334907
136.918824 802.320944
136.923501 802.260714
136.950527 802.241320
137.095965 802.239486
137.306285 801.998022
137.343876 801.861588
137.357219 801.761841
137.357611 801.753696
137.357874 801.746679
137.359867 801.684420
137.360898 801.469126
138.708534 801.451680
138.806251 801.416515
139.475541 801.354439
158.316829 734.809331
163.097041 699.437182
165.675403 694.898391
167.004009 693.347357
180.305469 680.855004
180.305486 680.780905
180.305520 680.630693
180.305538 680.624258
180.305561 679.403559
180.311921 679.202497
180.321314 679.102471
180.350014 675.441345
180.350307 675.440740
180.350835 674.659672
180.353002 674.206485
180.353506 674.202778
180.353540 674.161949
180.377633 673.914465
180.413096 673.348040
180.473896 673.172718
180.477901 671.974296
180.561442 671.259544
180.606865 669.267821
180.609003 667.929250
180.679861 667.794032
180.685397 667.084437
180.704152 666.038238
180.708928 665.465837
181.404220 665.156824
182.346371 664.869748
183.748831 664.852680
184.106670 664.831955
192.786762 664.734227
201.228346 664.691860
201.233238 664.363629
201.233780 664.301600
201.235185 664.188019
201.241386 663.806684
201.586899 662.732816
201.804418 662.088028
201.966575 660.500548
202.078428 660.286461
202.271773 660.220455
202.293334 660.214246
202.298975 660.211083
203.495951 660.106043
203.700714 660.099093
206.488022 659.965722
206.645170 659.963331
206.713214 659.434451
206.714996 659.434382
206.715547 659.434320
206.715582 659.434246
206.715773 659.434168
206.716762 659.424180
206.716825 659.416271
206.716970 659.416172
206.718217 659.415832
206.718408 659.415788
206.718453 659.415723
206.718454 659.415594
206.718458 659.415411
206.718623 659.414860
206.718643 659.414479
206.718644 659.414476
206.718644 659.414469
206.718645 659.414457
206.718741 659.414342
206.719755 659.397730
206.719846 659.397684
206.720473 659.395362
206.720536 659.385552
206.721315 659.381424
206.722393 659.353865
206.722731 659.321270
206.727037 659.307931
206.732565 659.233892
206.734171 659.212214
206.752224 659.160684
206.752790 659.159812
206.753323 659.157883
206.753347 659.152064
206.753400 659.141510
206.753453 659.139486
206.753542 659.139433
206.753772 659.134636
206.768699 658.930247
206.769881 658.930144
206.771213 658.929903
206.771392 658.929716
206.771459 658.929679
206.771520 658.929646
206.771636 658.929511
206.771672 658.929361
206.771680 658.929331
206.771698 658.929314
206.771703 658.929309
206.771844 658.929294
206.772055 658.929288
206.772061 658.929283
206.772114 658.929281
206.772129 658.929278
206.772150 658.929278
206.772313 658.929278
206.772666 658.929244
206.772681 658.929239
206.772689 658.929228
206.773053 658.929208
206.776289 658.929077
206.777171 658.917532
206.777671 658.903092
206.788250 658.676963
206.789427 658.615252
206.790115 658.384589
206.794868 658.361516
206.821705 658.358698
206.829496 658.346996
206.849025 658.345090
206.849119 658.340524
206.850267 658.340425
206.852177 658.340093
206.852193 658.340091
206.852230 658.340090
206.852263 658.340089
206.852266 658.340089
206.852315 658.340088
206.852411 658.340087
206.852430 658.340072
206.852437 658.340070
206.852442 658.340066
206.852448 658.340027
206.852870 658.339952
206.854509 658.339072
206.870661 658.325443
206.871196 658.322390
206.876881 658.320475
207.155154 658.273844
207.193969 658.227487
207.194630 658.175949
207.200023 658.161818
207.200713 658.159155
207.205818 658.158120
207.207145 658.157380
207.376408 657.327569
208.324417 629.112982
211.848130 507.994064
213.140126 484.027392
213.911820 483.656207
214.859880 483.277425
217.165556 483.217014
217.166274 479.133692
217.167164 477.951612
217.167225 476.374728
217.167801 475.897941
217.169230 475.816116
217.169897 475.785019
217.171657 473.508363
217.183276 457.122686
217.223711 457.084405
217.223848 456.864259
217.225223 456.141041
217.225397 454.989158
217.226016 454.984263
217.227256 454.982071
217.229023 454.778955
217.237852 453.473608
217.242608 438.463564
217.447676 438.443616
217.808057 438.438324
218.936520 438.420262
220.029273 438.409342
222.459465 438.401474
222.461874 432.029743
222.480458 429.749889
222.496753 429.463628
222.503099 401.487451
222.610024 399.267819
222.616734 387.302572
222.625629 380.120372
223.043575 374.878084
230.385835 373.816222
272.123557 367.527332
274.557985 309.424585
291.667860 292.069275
292.084698 257.086242
292.185988 253.032382
292.195034 215.473303
292.212859 211.424633
292.213200 192.563606
292.288812 191.841271
292.319035 183.171534
292.458289 167.434994
292.520061 148.727221
338.158748 128.083252
375.624253 122.409432
479.237950 120.241054
499.173460 117.896410
570.754638 108.081941
574.431132 104.546071
577.375556 103.669506
593.471846 98.846806
632.364803 93.126897
632.737863 84.211566
632.880787 83.971006
633.968201 66.605904
635.456969 66.428032
646.133083 66.162175
653.969637 64.413494
654.150758 64.320827
654.535340 63.992353
655.345919 63.890517
655.471511 63.772169
655.496070 63.750600
655.501830 63.680939
659.439086 60.727917
659.873157 60.551863
666.340130 59.816342
667.405320 59.271179
678.210900 58.459473
679.931092 58.148774
681.338136 57.815658
691.116561 56.622197
693.968763 55.502694
704.325930 42.561444
725.430335 39.229100
806.211305 20.034903
808.949159 19.972193
811.181723 19.649653
812.097086 19.591459
821.438803 19.147836
909.528594 17.866862
929.006348 6.856996
929.523918 5.996529
930.207534 4.731057
930.927580 4.721885
931.275270 4.099758
931.631651 4.042170
932.894315 3.941932
934.270101 3.627324
942.843701 3.325552
952.732044 3.024197
978.999713 2.743527
996.054712 2.728105
998.876334 2.486664
999.087173 2.071720
999.510022 0.597557
999.647225 0.330712
