500.000000 2.000000
0.001211 999.976477
0.006852 999.883079
0.010578 999.829677
0.025730 999.828919
0.026068 999.823275
0.026179 999.815098
0.026312 999.809065
0.033398 999.808234
0.036359 999.807216
0.063670 999.791587
0.064828 999.790997
0.068854 999.790387
0.080415 999.788869
0.084866 999.788751
0.085459 999.788730
0.085809 999.788660
0.086177 999.788556
0.087318 999.788435
4.312625 999.663999
4.388995 999.662678
4.405486 999.572702
4.412618 999.528204
4.631792 999.510137
4.681380 999.507509
4.826739 999.506624
4.837689 999.506132
4.851306 999.505461
4.858360 999.504820
4.876533 999.501597
4.888050 999.498846
4.927348 999.498845
4.944403 999.498825
4.949615 999.498779
5.035596 999.498710
5.047901 999.498415
5.075446 999.498319
5.141963 999.498318
5.184071 999.498315
5.223043 999.496270
5.943724 999.494750
6.133783 999.494468
6.729284 999.488720
6.865743 999.472314
6.972316 999.465322
7.188361 999.448628
7.486763 998.693100
7.548547 998.192972
7.563750 998.169179
7.600181 998.159262
7.605002 998.139212
7.626449 998.128900
7.664835 997.878345
7.683209 997.303607
7.683606 996.053244
7.683665 995.987770
7.683698 995.911816
7.687449 994.796121
7.689170 994.174579
7.689171 994.145447
7.689172 994.101397
7.689172 994.063042
7.689172 993.514574
7.689173 993.514538
7.689178 993.514469
7.689179 993.504680
7.689246 993.284351
7.689288 993.085637
7.689306 991.485405
7.689309 991.444547
7.689313 991.337412
7.689313 991.124588
7.689315 990.909000
7.689381 990.853809
7.689388 989.993205
7.689478 989.238052
7.691695 988.983205
7.691839 987.934122
7.692813 987.015277
7.694522 985.084670
7.695429 984.930489
7.700678 984.883775
7.700691 984.883567
7.700691 984.883508
7.700698 984.883489
7.700738 984.858059
7.700800 984.857976
7.700820 984.857901
7.700838 984.833252
7.700862 984.800204
7.700880 984.780143
7.700898 984.737241
7.700898 984.719526
7.700901 984.714054
7.700902 984.690178
7.700903 984.688391
7.700903 984.682916
7.700903 984.681898
7.700905 984.651738
7.700905 984.649340
7.700905 984.647316
7.700905 984.647138
7.700905 984.645552
7.700907 984.644638
7.700908 984.644154
7.700908 984.633076
7.700909 984.609128
7.704547 984.582507
7.706535 984.521238
7.715767 984.311646
7.715773 984.299875
7.715796 984.248234
7.715798 984.244313
7.716938 983.964722
7.723179 983.868086
7.737039 983.073658
7.737162 982.704938
7.743779 982.519231
7.994300 982.519025
8.260143 982.518656
9.034127 982.517398
11.147898 982.514151
13.805538 982.363867
13.831659 982.165818
13.902306 982.139212
14.025883 982.134121
14.088848 981.749854
14.116411 981.515301
14.132604 981.333096
14.135771 981.328363
14.135963 981.266308
14.137197 981.221119
14.137310 981.217891
14.137737 981.212523
14.141424 978.404205
14.174201 978.168925
14.444779 977.630718
14.539195 977.245946
14.955403 977.245917
15.080990 977.146634
15.167868 977.063494
15.343770 976.501599
15.452104 976.030413
16.046531 973.932242
16.098142 973.650447
16.108080 973.358752
16.280528 972.543788
16.727432 972.413289
16.762365 972.348376
16.769007 971.575371
17.019835 970.817138
17.025071 970.251226
17.025104 970.036544
17.025263 970.036468
17.025357 970.024508
17.025596 970.019268
17.026089 970.016318
17.030866 969.948410
44.080184 952.119048
53.313966 950.078866
65.630622 891.014189
124.612597 873.372448
155.997124 866.986513
165.713260 862.532682
178.849909 850.793030
209.955284 850.765002
212.039985 850.516881
240.151429 826.398459
277.742992 825.722188
288.230817 825.501118
291.443132 825.392782
293.239856 825.234972
293.617499 824.873439
296.422033 824.727106
309.759791 823.777007
317.646375 823.483323
379.415128 820.405902
399.844853 814.758842
401.452630 814.697965
403.500080 814.697346
404.136960 814.637131
405.263161 814.483023
405.989957 814.320068
408.022159 814.299708
415.976857 814.296960
418.354813 814.296659
449.778665 814.277775
450.876196 811.254876
455.661737 809.325496
471.094698 808.209311
573.339692 751.969828
573.809058 751.219450
574.257828 737.946852
585.798208 727.188161
586.070415 705.634617
597.899872 649.953720
623.043607 579.408232
637.305495 521.256995
660.249601 521.103026
671.369708 519.648182
672.284610 384.263276
673.285881 376.433178
674.585665 322.261927
674.609818 271.377196
674.741421 146.136156
674.745278 129.647052
674.849413 129.081689
674.975877 126.804162
678.617570 124.919722
682.920178 119.166823
713.433810 98.058140
718.851678 97.650434
724.396324 97.578444
724.550951 97.558016
725.140118 97.546373
725.329224 97.456471
725.334769 94.672877
725.335144 94.405190
725.335149 94.212685
725.335198 94.005841
725.335444 94.005654
725.335581 94.005465
725.335804 94.000444
725.336062 93.982022
725.336306 93.977112
725.342506 93.593946
725.342526 93.093599
725.343018 93.021501
725.572783 92.749336
725.577759 92.561182
725.579182 92.296035
725.599265 92.269316
725.620122 91.964531
725.635866 90.749595
725.654374 90.580196
725.656314 90.269754
725.683663 90.046853
725.737599 90.009351
725.744754 89.983070
725.755966 89.954921
725.774784 87.212506
725.838172 83.068553
725.915401 81.123574
725.939271 79.129909
726.843867 75.083535
727.132709 74.001971
727.270649 73.516418
727.280594 73.385181
727.524661 73.309108
729.002290 73.082043
729.019031 72.683344
729.327345 72.052849
734.098676 67.957908
734.127305 67.583117
734.127688 67.551702
734.435070 66.977190
734.665858 66.104238
735.187115 63.679985
735.362217 55.459385
740.586616 50.840512
744.555809 45.022482
744.600089 44.806969
744.605227 42.456991
744.669278 32.281068
745.562895 27.670803
745.961367 27.621925
746.797837 25.331648
746.840244 25.329080
748.685759 25.325074
749.300748 25.324392
750.180947 25.323967
751.580591 25.306914
751.604149 25.303457
751.727686 25.303400
757.283797 25.263165
759.481335 25.128199
766.873491 25.095938
767.041105 25.095788
767.075992 25.084633
767.210208 25.076256
767.448332 25.075707
767.460019 25.073349
767.561810 25.072887
767.677880 25.061231
768.117337 25.061143
768.325661 25.061140
768.898641 25.051271
772.520997 25.051056
792.069127 24.989080
792.487162 24.988124
793.590419 24.974044
793.600064 24.974043
793.604551 24.974042
793.605184 24.974041
793.618709 24.974041
793.660790 24.974031
793.727260 24.974022
800.246901 24.945304
800.405419 24.939224
800.408682 24.939218
800.413812 24.939198
800.442095 24.938926
800.630041 24.938739
800.636432 24.937710
800.638451 24.937308
800.638683 24.937121
800.792579 24.936501
801.605593 24.935167
802.627003 24.929208
807.134319 24.921824
808.955200 24.903299
809.058437 24.899008
809.074835 24.898418
810.094215 24.883847
810.427216 24.879490
810.440620 24.879371
812.741611 24.851851
815.026403 24.832966
815.026443 24.819303
815.027029 24.468544
815.031634 24.265773
815.033032 23.573136
815.033955 23.269908
815.034013 23.262876
815.036649 23.260871
815.036941 23.218304
815.038003 23.214718
815.039965 23.211846
815.040123 23.204796
815.041678 23.170600
815.041686 22.998096
815.041687 22.853030
815.041688 22.826229
815.041693 22.792680
815.043287 22.783844
815.043317 22.779866
815.043829 22.777424
815.044834 22.771797
815.044834 22.768282
815.044852 22.757772
815.063863 22.686331
815.068239 21.170066
815.069408 21.155119
815.074625 20.312571
815.078423 20.199006
815.087305 20.198991
815.088090 20.198912
815.091090 20.198893
815.092441 20.198821
815.098546 20.198763
815.112880 20.180253
815.115847 20.163323
815.122140 20.161896
815.135970 20.156190
815.136897 20.155949
815.137617 20.152723
815.137629 20.150823
815.137677 20.149205
815.139992 20.147886
815.143824 20.147471
815.145609 20.147163
815.145706 20.135502
815.150269 20.131897
815.153707 20.129926
816.410855 20.126816
816.526287 20.126396
816.721556 20.125996
816.740290 20.125247
816.871561 20.125081
816.893390 20.125032
816.960576 20.124903
816.992154 20.124899
816.994284 20.124894
817.356487 20.121844
818.437483 20.121530
818.509138 20.115858
819.246227 20.115677
819.368244 20.115447
820.614833 20.109029
821.284228 20.107450
821.593240 20.107271
821.996631 20.078590
822.118711 20.073829
823.129654 20.021833
823.260085 19.962867
823.566208 19.925928
823.566883 19.925852
823.574094 19.925729
823.606417 19.924232
823.616304 19.922656
823.616730 19.922528
823.720740 19.922417
824.477754 19.921369
824.988504 19.920220
824.991044 19.919738
824.992007 19.917407
825.009539 19.917378
825.199692 19.916452
825.280756 19.914721
825.301588 19.912303
825.304383 19.911640
825.307376 19.909274
825.309068 19.908648
825.545547 19.900702
825.556632 19.900654
825.580539 19.898393
828.494818 19.888601
829.146483 19.794643
829.800527 19.769284
830.114432 19.123299
835.620249 19.071499
836.444452 19.009750
840.082180 18.733533
843.074022 18.134682
844.399135 18.116046
844.545349 18.107677
847.059447 18.074889
848.153432 18.038492
870.165078 17.957587
871.932916 17.943872
877.013290 17.926910
877.519302 17.924646
877.575885 17.924579
877.814736 17.920463
878.384355 17.915842
878.616569 17.876787
878.866128 17.792031
878.876514 17.749799
878.999448 17.709304
879.436643 17.708666
879.608521 17.651570
879.666251 17.503610
879.909326 17.502701
880.117046 17.502342
880.123057 17.501405
880.136774 17.477264
880.249997 17.476181
897.005452 4.584896
898.227142 4.571530
898.340792 4.564636
899.261025 4.563411
899.705613 4.538435
901.137234 4.526149
901.215408 4.519966
902.910334 4.508959
903.040530 4.504496
911.405878 4.120254
911.524206 4.117693
911.579638 4.088777
911.581621 4.070591
911.583282 4.070588
911.584321 4.070571
911.584884 4.070523
911.586471 4.066835
911.591957 4.063224
913.640292 4.044401
923.372027 4.032852
923.428537 3.821775
929.599846 3.749881
930.143341 3.727160
930.337486 3.639199
932.345701 3.450433
932.638694 3.442292
932.683382 3.429281
933.333078 3.353928
933.348808 3.334701
933.350246 3.323035
933.352984 3.309918
933.355567 3.298417
934.241925 3.295886
934.423113 3.290746
934.431808 3.157841
935.056034 2.989031
935.197162 2.398230
935.314770 1.721640
935.532078 0.373882
935.544027 0.371540
935.622641 0.331689
935.644974 0.331573
935.645289 0.330794
935.827439 0.038447
938.030309 0.014158
939.656662 0.001332
941.075811 0.001255
941.166827 0.001186
943.836643 0.001061
944.889878 0.001057
945.465938 0.001053
945.472915 0.001035
945.503163 0.001021
945.624335 0.000994
946.977917 0.000981
947.621821 0.000962
947.901262 0.000929
948.122693 0.000910
948.905718 0.000802
950.448650 0.000493
970.547733 0.000128
974.344501 0.000096
974.740697 0.000088
994.465306 0.000063
