500.000000 2.000000
0.019066 999.862330
0.148798 999.126495
0.181242 997.960263
0.182420 997.719263
0.183390 997.682470
0.194171 997.631194
0.503047 997.511292
0.765151 997.509334
0.955208 997.440086
2.012684 997.125947
2.259688 997.014022
2.609422 997.007281
2.676938 997.006321
2.692451 996.937577
2.802228 996.743432
2.855973 996.432347
2.890123 996.159623
3.087494 996.121805
3.341327 996.089343
3.896826 995.945785
4.419063 995.157046
4.421370 995.110329
4.421516 995.110266
4.421700 995.110263
4.427890 995.078393
4.437858 995.051166
4.438502 995.031435
4.438509 995.031435
4.438517 995.031435
4.438521 995.031435
4.438620 995.031435
4.438668 995.031432
4.438848 995.031410
4.443308 995.031329
4.443385 995.031329
4.443406 995.031329
4.443451 995.031068
4.444252 995.030937
4.457939 995.026942
4.548582 995.018116
4.555883 995.017196
4.633793 995.013980
5.800271 995.013084
6.873793 991.900932
9.171920 990.865677
13.812731 989.996442
35.541922 987.257234
38.748423 984.737786
38.895912 984.596395
45.984620 984.573236
78.275159 938.299745
107.327450 931.556019
110.482222 931.123672
110.764122 930.939998
143.610333 921.302882
145.501267 919.820467
146.814199 919.800326
150.752403 919.720987
154.145609 919.705102
154.502872 918.921488
302.317289 906.571439
315.216995 861.768909
519.007449 816.233529
565.573804 805.776352
568.082646 803.670987
581.163475 788.523599
584.945942 765.033796
585.540438 764.605839
585.639039 764.557949
585.717621 764.532481
585.729526 764.460089
585.955775 764.449423
586.061568 764.447728
586.123234 764.446908
586.420048 764.443218
586.421692 764.414739
586.422070 764.157973
586.425005 764.096404
586.426597 764.050656
586.431695 764.010864
586.437305 763.961000
586.437540 763.868078
586.438991 763.834596
586.439270 763.826113
586.441413 763.814801
586.469025 763.674536
586.491549 763.664270
586.544319 763.423703
587.654522 763.382291
587.680875 763.376218
587.699213 763.253348
587.701293 763.232674
587.705713 763.193852
587.706087 763.188173
587.706223 763.184895
587.720453 763.179066
587.736599 763.046371
587.877323 762.830081
591.694526 762.760643
595.160327 762.626451
598.669927 760.644490
599.411534 760.643986
599.629909 760.643634
599.945721 760.625497
615.291414 760.582583
617.590425 760.214022
618.519562 760.151209
625.849404 760.112135
626.536361 759.694532
626.537992 759.665591
626.541116 759.483848
626.545128 759.342063
626.545649 759.269987
626.545660 759.257006
626.545713 759.252482
626.546007 759.237577
626.546237 759.231122
626.550624 759.119428
626.556958 759.089473
626.560110 759.084050
629.183553 750.854965
670.586047 748.829664
670.604057 748.760088
670.617767 747.033446
670.745856 746.966487
676.296685 746.439288
676.300328 746.005402
676.307439 745.400434
676.316861 745.355865
676.426316 745.342010
678.195580 745.337215
678.776802 745.286095
680.213443 744.205948
680.565888 743.841077
684.551829 743.512895
685.231404 743.431896
696.150155 743.396438
696.150159 743.396380
696.150305 743.395855
696.150571 743.386632
696.156576 743.386561
696.451000 743.375954
696.858090 743.224184
696.992373 741.315516
697.002132 741.232734
697.002190 741.140208
697.082369 741.129298
697.304317 740.749479
697.305324 740.749118
697.305460 740.748305
697.345257 740.735992
697.495039 740.719931
697.831225 740.422393
698.202421 738.325938
698.254987 738.318932
698.370087 737.339326
698.654469 736.471830
699.102385 736.186430
699.549987 735.380969
699.549988 735.366928
699.549996 735.363173
699.549999 735.361883
699.554686 735.348974
699.558849 735.307908
699.581680 735.211829
699.582133 735.026151
699.582534 735.021567
699.584234 735.019379
699.585307 734.928596
699.586996 734.705555
699.736555 734.612650
699.839195 734.611414
699.928462 734.610394
700.109699 734.609912
700.324922 734.609281
700.338569 734.609209
700.744093 734.525653
700.750663 734.371840
702.151241 734.096189
702.169400 734.077362
702.171487 733.956633
702.175547 733.801960
702.231965 733.401504
702.236037 729.958676
702.236355 729.838798
702.251283 729.499598
702.253193 729.183427
702.502030 729.177986
702.567916 729.177492
702.614551 729.175260
702.614657 729.175254
702.614724 729.175254
702.614864 729.175225
702.625955 729.175120
702.633073 729.175014
702.633905 728.993834
702.823606 728.892514
710.878530 683.017788
710.880148 682.804865
710.880532 682.507831
710.881103 682.196740
710.883179 682.122325
710.883234 682.062115
710.883329 682.051256
710.883675 681.953637
710.885133 681.223340
710.890690 678.987831
710.892711 678.891848
710.899207 678.271813
710.909913 677.060554
710.910868 676.562130
710.912210 675.984626
711.081640 660.863594
711.098842 659.965283
711.186824 659.777054
711.192206 659.073932
711.198649 659.065392
711.213916 652.046687
711.220214 652.042074
711.263524 652.030612
711.263662 651.966448
711.264167 651.942247
711.265039 651.916322
711.417904 651.545753
711.418981 651.444896
711.421465 651.186381
711.440512 651.097051
711.446372 650.710615
711.467231 649.482230
711.470600 648.870569
711.503227 648.849399
711.609099 648.767942
711.657588 648.751582
711.924075 648.662628
712.085048 648.642490
712.443152 648.374973
716.880990 613.275446
722.517654 487.970216
732.676652 414.971336
739.317367 376.006221
742.019245 354.621356
750.455891 345.689589
758.170701 334.032775
759.535852 333.186512
759.719489 291.002131
761.673361 286.128640
762.710552 280.671840
767.612625 280.491678
769.369682 280.443110
770.588172 280.331944
774.217706 280.289404
774.222548 273.318061
774.400305 270.998534
774.456831 270.841727
774.588692 261.703641
774.591159 261.703632
774.593576 261.689778
774.733252 257.807989
775.156903 257.775871
775.181612 257.634470
775.195397 257.572941
776.442861 257.558844
776.442882 257.014526
776.458051 256.769173
776.458389 256.741515
776.461621 256.654342
776.463449 256.548271
776.463540 256.461100
776.465707 255.970446
776.469182 254.130958
776.672878 211.843361
779.649088 209.692512
787.642725 179.457957
788.812902 176.093297
789.876099 169.000866
791.235755 163.150247
791.250882 158.157817
791.262302 157.732869
791.322048 157.033060
791.418891 151.938940
791.437575 151.096834
791.623636 150.948524
791.810318 150.818957
791.836514 150.349750
791.869266 150.259852
791.871345 150.186646
791.872056 150.185108
791.872240 150.183946
792.203621 150.160821
792.414873 150.157319
792.418044 150.148855
792.430624 150.113516
792.433067 150.110525
792.526578 150.056800
792.557486 149.714753
792.588910 148.533680
807.065219 147.154066
807.191260 147.059242
807.201661 145.828771
807.242714 144.190003
807.523941 139.547177
807.575741 139.360188
807.641289 137.222278
808.657649 137.074464
808.657954 137.074371
808.658331 137.073996
808.659721 137.073993
808.661422 137.073849
808.662109 137.073822
808.662488 137.073816
808.662706 137.073354
808.662959 137.073152
808.663224 137.071293
808.663440 137.069893
808.663459 137.069122
808.663697 137.069060
808.663853 137.069051
808.664078 137.069043
808.815085 136.972417
810.202931 136.969431
810.714839 136.962989
810.734653 136.948587
810.779137 136.945583
810.798574 136.906205
810.801320 136.894414
810.874932 136.877785
811.780856 136.544213
812.036664 136.360755
812.138833 136.318446
812.327058 136.203277
812.795515 136.119841
812.928822 136.053519
813.513195 136.020689
813.586353 135.998570
814.019925 135.975350
815.722385 135.843700
816.905900 135.840486
817.115477 135.195534
817.273998 135.159320
817.356735 134.908124
817.369399 134.810515
817.370194 134.809651
817.370259 134.809455
817.370905 134.809406
817.372822 134.797500
817.418533 134.371746
818.613362 134.153140
818.813786 134.106897
818.828623 134.106188
818.919624 134.106157
819.159485 134.106076
819.279625 134.106075
819.361487 134.106074
819.367259 134.106029
819.415350 134.106008
820.643897 134.103234
821.888532 134.102593
822.894462 134.083851
824.080718 134.080241
824.611196 132.322831
824.834869 131.759867
827.579043 131.068367
829.785437 130.390441
829.796576 130.375298
829.812799 130.370199
830.707984 130.297762
830.708182 130.297709
830.708183 130.297375
830.708183 130.296956
830.708186 130.296228
830.708198 130.270623
830.708201 130.266545
830.708214 130.266336
830.708549 130.251295
830.708754 130.226430
830.708794 130.225558
830.708797 130.217935
830.709405 130.217212
830.709531 130.216873
830.763923 130.213588
830.785953 130.208305
831.087057 130.208172
831.118052 130.208122
831.137468 130.207805
831.138348 130.157977
831.138429 130.126823
831.145541 128.526428
831.147022 128.526185
831.151405 128.524121
831.151509 128.524110
831.151567 128.524104
831.151743 128.523422
831.154391 128.522052
831.156112 128.517569
831.157518 128.512971
831.157868 128.512384
831.159973 128.512222
831.160012 128.512222
831.160077 128.512217
831.160077 128.512217
831.160078 128.512202
831.162195 128.512161
831.165726 128.512054
831.168855 128.512045
831.169420 128.512042
831.169473 128.512038
831.169865 128.512030
831.170023 128.512029
831.170264 128.512029
831.170613 128.512029
831.170623 128.512029
831.170635 128.512029
831.170715 128.512026
831.174689 128.512006
831.175199 128.511978
831.182910 128.511971
831.189313 128.511969
831.190507 128.511776
831.197832 128.459054
831.198802 128.451022
831.204690 128.445287
831.204905 128.436935
831.205951 128.425315
831.211452 128.423787
831.211742 128.421706
831.212134 128.421291
831.213230 128.415590
831.214690 128.411905
831.246929 128.410166
831.357144 128.086432
831.365075 128.082477
831.366606 128.082255
831.366790 128.069736
831.367110 128.067874
831.367258 128.027768
831.367327 127.957149
831.368251 127.944312
831.369553 127.931111
831.369815 127.805021
831.369820 127.799281
831.369843 127.797801
831.369916 127.793140
831.378374 127.772968
831.387216 127.490044
831.545870 127.049400
831.745466 126.900251
831.838950 126.855261
831.934883 126.683821
831.968360 126.326044
832.939509 120.755095
840.690740 120.409308
841.939020 119.913430
842.284969 119.719513
842.285596 119.512030
842.318149 119.242739
842.356088 119.220264
842.386196 119.206690
842.589000 118.607114
842.600885 118.586698
842.610930 118.545274
843.367063 117.924899
843.554744 117.142539
843.726172 116.542145
846.487819 107.180581
860.124765 102.763476
918.646537 101.385554
965.688052 100.985298
965.961450 95.500258
965.979747 94.843462
965.987575 94.734762
965.993132 94.401623
965.994296 94.318139
966.438104 74.850611
966.626927 58.401700
967.355269 29.586020
967.811836 29.261661
968.663207 28.802258
968.770383 26.532329
968.771318 26.511895
968.771494 26.508261
968.771653 26.508070
968.771756 26.506151
968.772354 26.488961
968.783515 26.488680
968.784824 26.488107
968.786403 26.487968
968.801699 26.250154
968.802257 25.212028
968.802302 23.958070
968.802407 22.669372
968.803529 19.283158
968.803605 18.901074
968.803608 18.646410
968.803616 18.399375
968.803692 18.390414
968.804039 18.368886
969.009521 18.173017
969.078586 15.362262
969.206628 15.176444
994.221315 7.732199
