500.000000 2.000000
0.488388 999.947271
0.567263 999.891819
0.924288 999.824701
0.938313 999.764331
1.115022 999.663144
1.124612 999.596582
1.139645 999.585882
1.140790 999.585726
1.150451 999.585239
1.199596 999.572074
1.284769 999.552887
1.285361 999.551479
1.285586 999.550405
1.286125 999.548148
1.286519 999.530031
1.307243 999.499836
1.313507 999.452935
1.313814 999.416144
1.318204 999.411562
1.358121 999.404909
1.383853 999.264196
1.409599 999.251395
1.413718 999.240678
1.433188 999.137546
1.457171 999.041036
5.910674 999.015545
7.336668 998.805131
10.164020 998.752200
17.462921 998.407876
18.535784 998.274942
18.544537 998.274364
18.547666 998.254650
18.554123 998.064209
18.555118 998.063808
18.556697 998.063283
18.557621 998.062866
18.558834 998.056649
18.562007 998.018768
18.565295 996.794047
18.575944 996.685294
18.586354 996.620586
18.586703 996.613202
18.586846 996.602222
18.587233 996.498717
18.638938 996.487691
18.653521 996.487572
18.653729 996.484539
18.768430 996.409869
18.796190 996.366338
18.808473 996.355926
18.813995 996.348654
18.818755 996.345029
18.819115 996.344370
18.820149 996.344181
18.821883 996.337611
19.485619 995.537832
19.485635 995.315372
19.485636 995.314078
19.485646 995.313435
19.485922 995.075104
19.488548 995.074985
19.493135 995.074622
19.495060 995.070414
19.495204 995.067916
19.501570 994.928612
38.790295 994.730763
38.951130 994.714370
39.184332 994.709856
40.702543 994.689393
43.879636 994.684123
53.176107 994.652465
58.822548 994.619873
65.790611 992.459762
74.828173 992.317597
75.173990 992.287261
75.205786 992.285549
75.228680 992.274523
75.619920 992.272902
75.643801 992.227407
75.720392 992.184930
75.914283 992.153223
75.932976 991.789851
75.941596 991.677407
75.955257 991.001459
138.284343 988.988967
149.963764 988.981481
165.539996 988.980082
192.958305 988.976741
192.993847 988.969899
193.002472 988.960274
193.023782 987.976270
193.041800 987.901390
193.045716 987.882863
193.047453 987.788372
193.049309 987.776967
193.049350 987.751883
193.049451 987.750249
193.049481 987.749993
193.049482 987.749993
193.049500 987.749988
193.049752 987.748603
193.049798 987.745893
193.049848 987.744953
193.049979 987.743075
193.050167 987.738958
193.050527 987.738684
193.051262 987.737387
193.051963 987.735216
193.051996 987.730944
193.052005 987.726447
193.052011 987.726447
193.052012 987.726447
193.052016 987.726447
193.052016 987.726447
193.052020 987.726394
193.052053 987.722389
193.052066 987.720142
193.052066 987.720020
193.052074 987.719924
193.052076 987.719776
193.052089 987.719470
193.052089 987.719417
193.052093 987.719284
193.052093 987.718895
193.052094 987.718829
193.052105 987.718002
193.052125 987.717944
193.052129 987.717844
193.052141 987.717385
193.052159 987.717141
193.052161 987.717012
193.052165 987.716214
193.052165 987.716214
193.052166 987.716212
193.052170 987.716203
193.052170 987.716156
193.052171 987.716152
193.052171 987.716057
193.052172 987.716021
193.052172 987.715946
193.052172 987.715935
193.052172 987.715853
193.052172 987.715826
193.052173 987.715826
193.052173 987.715825
193.052174 987.714341
193.052175 987.713836
193.052199 987.713255
193.052200 987.713226
193.052210 987.713219
193.052245 987.713143
193.052247 987.712107
193.052247 987.712095
193.052247 987.712046
193.052248 987.711199
193.054561 987.710339
193.056333 987.709631
193.056351 987.709607
193.056379 987.709562
193.056392 987.709550
193.056465 987.709466
193.058305 987.708438
193.058816 987.707080
193.342716 987.649521
193.422094 987.600999
193.633892 987.098865
193.633977 986.904621
193.634344 986.876547
193.634519 986.853292
193.637401 986.799241
193.640496 986.695376
193.641459 986.691739
193.642868 986.672282
193.642919 986.667995
193.643285 986.666234
193.643426 986.622162
194.375598 985.433641
194.585499 985.340649
194.646757 984.374276
194.777310 983.705377
194.777458 983.694516
194.777466 983.692051
194.777526 983.691009
194.781813 983.670543
194.782059 983.649825
194.783014 982.819181
194.784936 982.570348
194.785957 982.451276
194.792091 982.302159
194.792230 982.187162
194.792283 982.186734
194.792463 982.186531
194.792796 982.186505
194.792859 982.186505
194.793493 982.186477
194.793515 982.185222
194.793611 982.184627
194.793750 982.171855
194.793795 982.155419
194.793799 982.154997
194.793801 982.154844
194.793806 982.154651
194.793825 982.153784
194.793826 982.152735
194.793838 982.152510
194.793870 982.152349
194.793917 982.028939
194.793918 982.025673
194.793921 982.016780
194.794060 981.958679
194.794151 981.949757
194.794152 981.949552
194.794154 981.949016
194.794156 981.916615
194.794157 981.873611
194.794365 981.868985
194.794379 981.857168
194.794422 981.845442
194.794507 981.843982
194.794619 981.832026
194.794628 981.826201
194.794632 981.825286
194.794633 981.810821
194.794830 981.774781
194.794899 981.682351
194.796427 981.682328
194.796659 981.682097
194.798868 981.681478
194.798919 981.681456
194.799019 981.681228
194.799269 981.680340
194.799619 981.676866
194.799769 981.669014
194.799786 981.668372
194.799786 981.668257
194.799786 981.668256
194.799853 981.668196
194.799876 981.667992
194.799945 981.667590
194.799975 981.666765
194.800119 981.666576
194.800131 981.666566
194.800147 981.666563
194.800225 981.663323
194.800335 981.658814
194.800337 981.657720
194.800572 981.646318
194.800573 981.646311
194.800574 981.646307
194.800574 981.646307
194.800575 981.646307
194.800575 981.646307
194.800575 981.646306
194.800631 981.646185
194.800640 981.646033
194.800641 981.644696
194.800642 981.641380
194.800644 981.641066
194.800644 981.641044
194.800644 981.640980
194.800700 981.638604
194.800852 981.636275
194.802811 981.607630
194.802816 981.525276
194.802874 981.393860
194.802938 981.155253
194.803068 981.150234
194.803068 981.132182
194.803068 981.125346
194.803068 981.113138
194.803068 981.110553
194.803073 981.108643
194.803074 981.098233
194.803075 981.088566
194.803078 981.069893
194.803095 980.977015
194.962884 980.963845
195.027901 980.959765
195.062637 980.894592
195.288577 980.889831
195.451037 980.873032
195.589838 980.504146
195.728746 980.500428
195.762610 980.425795
195.776340 980.403019
195.812028 980.392153
195.822733 980.390804
195.826752 980.390717
195.899464 980.380806
196.133923 980.380462
196.216016 980.364072
196.242979 980.332892
196.551602 980.313213
196.626156 980.306763
196.644505 980.305809
196.693474 980.305447
196.707667 980.290135
196.709116 980.282744
196.711596 980.275451
196.713001 980.268882
196.724199 978.819904
197.205586 977.577624
197.646224 977.464286
200.397784 977.445501
200.660197 977.375797
200.701105 977.372030
200.704399 977.320925
200.719572 977.194476
200.785566 977.141485
200.805763 977.131698
202.548975 977.095899
229.459716 974.344825
276.691560 974.276520
284.422013 973.942477
293.571280 973.930963
302.677255 973.809335
303.550521 973.443521
360.705795 973.129102
370.572263 972.728439
409.196486 972.592279
414.808717 972.590196
424.390890 971.345475
493.685773 969.822471
493.689197 969.449165
493.753363 969.269176
493.878384 963.311000
493.896102 963.223841
493.916873 963.105878
495.372140 957.541745
505.243980 934.134621
532.797260 916.877774
779.160357 900.336275
796.713459 891.558635
812.655386 887.927727
879.977784 886.256480
925.623039 882.005589
946.643185 800.954229
949.439823 632.145458
949.598140 632.015000
949.675222 632.010798
949.710432 632.010214
949.886008 630.253129
949.980951 630.243752
950.136291 630.241624
951.126686 629.802990
952.012886 629.406078
952.055586 629.403138
952.071426 629.400460
952.151502 629.399937
952.208697 629.398850
952.242281 629.396678
952.247263 629.389968
952.252875 629.386450
952.257434 629.336488
952.521472 629.301445
952.534231 628.644239
952.592908 628.413595
952.603391 628.289214
952.604610 628.093145
952.608464 628.043553
952.655630 627.987808
952.668315 627.959181
952.686323 627.903749
952.888603 627.892795
952.940249 627.891647
953.002604 627.880688
953.127329 627.871149
953.193255 627.867369
953.202189 627.771848
953.274871 627.734800
953.277388 625.932323
953.696839 622.180215
954.670956 622.114751
954.832635 621.827188
954.867366 621.814717
954.915169 621.525570
954.922307 620.977518
955.989131 618.766759
956.142482 616.042991
960.939570 609.421366
961.158307 609.420480
961.212390 609.420423
961.234567 609.420380
961.356327 609.417317
961.385185 609.417284
961.401568 609.417255
961.473118 609.417115
961.477792 609.416874
961.548159 609.408025
969.148935 609.401321
972.035481 609.375358
972.487097 608.901910
973.145372 608.574514
973.230207 605.772143
973.257228 605.642399
973.571878 605.637683
974.105219 605.637556
974.736628 605.636853
975.129404 605.535865
979.264564 604.667197
979.658980 604.352069
979.737653 604.349935
979.740598 604.349553
979.748972 604.349553
979.751565 604.349551
979.751602 604.349532
979.822556 604.349462
980.160277 604.349434
980.250497 604.348474
980.458627 604.348473
981.484566 604.348435
981.641704 604.328541
981.685071 604.293676
981.791792 601.299076
982.122506 599.769423
982.232977 599.671149
982.419385 598.544712
982.427575 597.692483
982.434131 597.680352
982.439270 597.587652
982.448081 597.550011
982.524689 597.539489
982.769522 595.884963
982.774884 595.821584
982.775635 595.820193
982.776084 595.819723
982.777694 595.785917
982.812240 595.746802
982.812370 595.729963
982.812380 595.710051
983.016798 595.687817
983.168129 595.683881
983.182042 595.673475
983.321426 595.175850
983.357077 592.016911
983.385858 590.921978
983.392174 590.919338
983.402483 590.915362
983.476787 590.912573
983.478272 590.881097
983.487319 590.057209
983.498030 590.041086
983.634839 583.249141
986.384970 582.068518
986.636322 579.938122
986.638891 579.801901
986.639761 579.800860
986.640572 579.662041
986.640594 579.657646
986.640623 579.654413
986.640643 579.652874
986.640644 579.642417
986.641018 579.509014
986.645342 579.508875
986.819015 579.508199
986.917158 579.506843
986.938752 579.506811
986.949784 579.506613
987.091698 579.502389
987.104735 579.499190
987.105035 579.496661
987.114100 579.495653
987.121648 579.419111
987.121905 579.408231
987.122027 579.391606
987.133173 579.365705
987.133228 579.273611
987.133771 579.268520
987.134104 579.183634
987.134964 579.113416
987.145383 578.780447
987.145769 578.761089
987.148125 578.757472
987.149501 578.714268
987.298041 578.712096
987.316446 578.712005
987.324752 578.711987
987.324881 578.710116
987.325244 578.689635
987.325498 578.671315
987.331050 578.503589
987.382811 578.466744
987.518018 578.401299
987.530176 578.234977
988.262070 578.229498
990.471859 578.175933
990.648392 577.913944
992.339001 543.243802
993.336367 237.554314
993.720211 226.463636
994.059840 217.975306
994.139031 217.785122
994.207227 217.224308
994.289445 215.868509
995.862816 215.744189
996.738708 215.601860
996.744768 214.777349
996.751101 214.713487
996.808413 214.280579
996.952633 59.245018
