500.000000 2.000000
84.520962 997.380417
91.014107 997.344066
91.047585 997.332637
91.085660 997.301389
91.166902 997.274755
91.175425 997.268055
91.384982 997.204257
91.409399 997.153033
91.510105 997.108378
91.575696 997.042217
91.604278 997.022070
91.619754 997.016216
91.620959 997.001935
91.622139 997.001336
91.622206 996.998180
91.622309 996.994572
91.623240 996.993521
91.632224 996.984192
91.633710 996.980662
93.948807 996.566933
94.172912 996.368783
95.307972 996.341068
95.980748 996.287860
98.719137 996.158936
99.122395 996.011194
99.165172 996.011049
99.697139 996.010755
100.086532 996.009343
100.296074 996.008119
100.336818 995.997898
100.369082 995.993050
100.388819 995.973872
100.443729 995.969105
100.509216 995.967908
101.061945 995.967149
101.434419 995.966281
102.384205 995.966005
102.460293 995.965896
102.575041 995.461223
102.626459 995.446558
102.627456 995.440102
102.671744 995.422529
102.808452 995.399124
102.817769 995.398305
102.821367 995.398282
102.826695 995.398157
102.835889 995.397974
102.843817 995.397865
102.861158 995.394750
102.920911 995.393991
102.928991 995.390092
102.967203 995.386893
102.987589 995.386875
103.010971 995.386775
103.013015 995.385636
103.013874 995.384352
103.013952 995.384307
103.013966 995.384263
103.014675 995.384099
103.015529 995.384037
103.016333 995.384024
103.016451 995.384011
103.030691 995.381058
103.038859 995.375663
103.087712 995.363198
103.102789 995.361001
103.134238 995.359187
103.164113 995.357471
103.202415 995.353468
103.280970 995.335564
103.298577 995.335484
103.507823 995.334905
103.544600 995.334876
104.035481 995.333565
104.035891 995.328635
104.036731 995.328491
104.056468 995.328486
104.071272 995.328485
104.077130 995.328477
104.088053 995.308721
104.088188 995.308057
104.088362 995.305692
104.089465 995.304691
104.153606 995.221229
104.168269 995.149869
104.168608 995.083207
104.168955 995.080587
104.168965 995.077461
104.180252 993.423976
104.209867 991.725755
104.222798 990.587258
104.284646 989.265960
106.464465 989.236974
106.833863 989.191494
107.042267 989.124057
107.159735 985.115742
107.300572 984.661624
107.538538 984.071725
107.642243 983.764823
108.073489 983.633954
108.724266 982.475810
108.735955 980.884143
108.759352 980.309022
108.782910 979.831709
109.649038 977.296099
126.604607 975.424704
126.685107 972.261031
126.819038 970.092022
129.342572 968.523043
131.823156 966.197920
133.491567 963.436700
133.574384 963.425106
133.590499 963.336810
133.981024 963.293537
134.450919 963.237980
136.300829 962.103112
136.833541 960.364617
137.047364 959.419528
138.080820 955.936835
138.364820 954.351696
139.959541 953.834447
139.992701 953.804353
158.243999 953.402793
160.767972 952.023228
161.089132 949.464034
162.751486 949.428395
163.088574 948.990239
163.382840 948.989856
163.516586 948.909682
163.524079 948.908687
163.666828 948.152438
165.504305 947.101578
165.509553 946.985769
165.537498 946.984325
165.560993 946.984063
165.562726 946.957143
165.563461 946.946614
165.564083 946.938208
165.631764 946.928105
165.633761 946.904470
165.661359 946.891342
165.703141 946.457299
167.740190 943.787849
171.306625 941.238932
172.509656 941.094373
172.541164 940.913810
172.720726 940.677241
172.922056 940.653127
181.377066 940.068564
183.106986 939.177238
212.904749 937.405563
215.218929 937.002849
230.402159 936.965246
235.817126 936.908372
241.549854 936.816895
259.610367 936.816504
265.404793 936.809937
267.107255 936.408270
269.113887 936.320864
269.394358 936.260816
269.479863 936.260135
269.503263 936.247338
269.528607 936.245702
269.540134 936.241500
269.549440 936.240390
269.678680 936.238972
297.164697 933.947402
298.201752 932.827842
298.383982 930.698714
301.388119 928.122230
304.360514 924.019997
307.404940 918.732816
313.109563 917.862762
318.971107 917.238458
321.748190 916.514366
337.214076 916.512782
347.026655 916.476536
355.746290 800.739176
397.949128 711.222888
397.950400 711.221022
397.950713 711.219019
398.027584 711.217790
398.028944 711.216821
398.054796 711.215794
398.089970 711.215792
398.120386 711.215725
398.147700 711.215025
398.170664 711.214540
398.186367 711.213527
398.190620 711.213365
398.471825 711.191783
398.565287 711.191724
398.594610 711.190409
398.594754 711.190231
398.595907 711.190194
398.595933 711.189986
398.596069 711.189852
398.599280 711.189810
398.599297 711.189755
398.599508 711.189749
398.599657 711.189741
398.599719 711.189724
398.599872 711.189678
398.600248 711.189424
398.601263 711.189381
398.601452 711.189363
398.601594 711.189316
398.703740 711.189287
398.723400 711.189271
398.750474 711.185533
398.920960 711.161645
398.920993 711.161237
398.920998 711.159301
398.926638 711.157225
398.927366 711.155283
398.929222 711.152323
398.929425 711.152236
398.929570 711.151958
398.929757 711.150073
398.930115 711.147727
398.930337 711.147675
398.930380 711.147286
398.930659 711.147067
398.930680 711.146865
398.930738 711.146841
398.930821 711.146771
398.931001 711.146638
399.245568 711.144142
399.246197 711.140960
399.251558 711.140115
399.262502 711.128788
399.978683 711.055863
399.982141 711.016477
399.999421 710.983540
400.019692 710.938956
400.050300 710.888753
400.058922 710.834472
400.265289 710.808727
400.673443 710.803599
400.696897 710.786098
400.761217 710.608215
400.762379 710.608166
400.762404 710.608163
400.763928 710.608136
400.766277 710.608088
400.792420 710.607984
400.802266 710.606725
400.805225 710.603067
400.806547 710.602375
400.808284 710.602223
400.808326 710.602208
400.808587 710.602207
400.808795 710.601851
400.809419 710.601734
400.809655 710.601716
401.238603 710.590281
401.308536 710.590136
401.723028 710.587663
402.115690 710.587276
402.553279 710.587198
403.378497 710.587150
403.728345 710.578538
404.219385 710.578402
404.267034 710.578369
404.285529 710.578187
404.348967 710.577966
404.416099 710.577916
404.428566 710.577903
404.478995 710.577898
404.495429 710.577350
404.515992 710.572242
408.161044 710.571106
410.869176 710.571012
411.187234 710.570722
411.293566 710.570686
411.552890 710.568962
412.196819 710.568057
412.335238 710.567169
412.359968 710.562497
412.551012 710.561839
412.777152 710.560792
413.365349 710.553524
413.427594 710.544537
413.456445 710.544214
413.540145 710.543986
413.543046 710.543982
413.544808 710.543977
413.546835 710.543920
413.547645 710.543865
413.551466 710.543845
413.556063 710.543828
413.572363 710.543308
413.572500 710.543257
413.572651 710.543230
413.578182 710.543208
413.580634 710.543194
419.753915 710.536330
421.480158 710.529149
423.860567 710.518866
427.847975 710.358536
436.227622 710.220718
440.106561 710.218425
441.115453 710.200201
442.405631 710.143157
443.696091 709.880268
445.872665 709.710858
445.889856 709.156007
445.890530 700.746548
445.890630 700.745016
445.890684 697.606751
445.890685 697.542909
445.893979 697.204506
445.894709 696.956980
445.927352 690.090174
445.930592 686.967269
445.953314 676.208485
447.952328 673.778864
448.055242 672.596935
449.804284 672.487834
452.385241 672.449749
456.348450 672.444272
459.835639 672.389179
462.199437 672.387807
465.021673 672.387743
465.705475 672.376326
466.824313 672.367476
466.831029 671.951366
466.869461 671.070883
466.873449 669.214580
467.891526 667.910003
468.001100 667.858669
468.011396 667.834820
468.128950 667.830055
468.131343 667.822869
468.144317 667.822248
468.220393 667.810305
468.243315 667.807027
468.247938 667.803709
468.248419 667.803633
468.250470 667.801865
468.250735 667.801445
468.253417 667.797239
468.256324 667.794726
468.282933 667.462695
468.296066 667.337388
468.303135 667.170524
468.304980 667.148945
468.305434 667.146586
468.309200 667.144362
468.311405 667.141236
468.322478 667.089637
468.332840 667.057108
468.350957 667.042929
468.355892 667.019205
468.361416 666.882653
468.366200 666.839709
468.377832 666.827417
468.378539 666.826552
468.379598 666.823988
468.379610 666.818196
468.420526 666.816516
468.433324 666.695790
468.441438 666.656777
468.465154 666.645795
468.478813 666.626402
469.029435 616.835788
469.339769 592.595223
469.908518 583.244038
469.935913 571.076122
469.949320 566.220656
469.966212 566.099086
469.981201 556.417830
469.985464 552.452179
470.002047 548.931917
470.030857 547.427110
470.113958 528.045641
470.119134 520.269419
470.119462 519.330599
470.146129 514.433454
470.151655 514.209656
470.165961 513.860607
480.354768 510.370689
504.611195 504.730952
506.157156 502.843125
506.573457 500.331614
519.641632 498.725416
525.666122 496.265042
525.681692 495.385489
525.737146 494.867533
525.760202 494.785310
525.800154 493.538879
529.576812 492.870206
548.357347 490.820711
554.402143 489.570915
554.903765 489.397191
561.111154 487.947377
583.989104 487.720883
592.134212 487.487461
595.468668 487.414779
597.514880 487.411624
603.754702 487.241281
605.538357 444.637439
606.570519 443.233040
606.797786 443.193386
609.898729 443.027523
610.696475 441.690396
613.837072 441.614444
617.765967 441.549599
618.184271 441.508366
618.428610 441.202698
619.010613 441.106538
623.027281 441.037643
623.277401 440.857790
623.431430 440.664417
629.086696 439.548715
645.807437 439.505190
646.001106 439.433535
646.097101 439.423769
646.850503 439.415293
650.816926 439.271310
654.346502 438.142318
658.021817 437.002662
660.070355 435.551737
660.248777 433.510330
661.850744 433.373895
667.519953 428.250118
703.785745 410.691710
704.265461 410.643732
704.579181 410.630433
705.198842 409.286144
705.214634 409.281651
705.221081 409.274606
705.428845 409.183791
705.471614 408.985428
705.476735 408.977484
706.110810 407.460487
706.463272 407.305060
706.943947 406.984682
706.950259 406.983883
706.951326 406.983334
707.045262 406.893556
707.788836 406.881013
708.051397 406.855520
708.803356 406.839483
709.099867 406.819332
710.679421 406.806690
711.116995 406.804291
711.316896 406.802285
711.840698 406.800318
711.997382 406.799178
712.597345 406.749306
712.883839 403.952592
712.970973 403.625639
712.992716 401.562013
712.999159 401.277364
713.004435 401.255924
713.822605 375.755796
713.825850 369.205413
713.826180 358.261738
713.832363 357.733749
713.885991 357.249513
713.886000 357.233611
713.886011 357.218368
713.886011 357.157731
713.886026 357.144794
713.886310 357.143297
713.889756 356.940401
713.900676 356.806933
713.913846 356.804679
713.914357 356.802237
713.917291 356.801944
713.921385 356.794633
713.927860 356.771373
713.931976 356.770125
713.933419 356.764837
713.933443 356.764762
713.933489 356.764756
713.934009 356.764728
713.934011 356.764726
713.934022 356.764529
713.977651 356.763214
714.003475 356.762006
714.007031 356.761933
714.009046 356.761912
714.013311 356.761298
714.013835 356.761212
714.014153 356.761068
714.014174 356.760972
714.015077 356.760892
714.015100 356.760860
714.016795 356.760779
714.016908 356.760777
714.017775 356.760740
719.283062 346.661344
722.666270 309.907870
722.685871 309.455030
722.740957 307.786798
749.644712 261.658443
842.134042 206.373842
853.917608 121.480880
