100.000000 2.000000
145.390991 867.465125
146.547994 829.516643
230.543760 803.209258
291.223610 803.045043
331.575093 803.033678
345.917095 802.592842
346.699587 802.329363
347.876336 799.797963
348.067475 798.730817
348.567886 798.585277
350.826733 798.202649
352.435004 797.996941
354.027046 797.412667
354.401327 797.396875
355.585102 797.243294
355.797639 797.177624
356.537918 796.624514
385.737888 796.547022
386.071121 788.926670
386.073045 786.381975
386.124080 784.051070
386.125271 784.034975
386.131173 784.010171
387.309164 783.797718
409.848025 779.460784
412.095007 778.554158
412.837288 777.967527
425.613608 777.643525
436.842235 769.761557
436.978871 765.500997
437.189313 765.208812
439.806758 762.075222
441.285317 761.460623
441.389455 760.813878
441.614994 758.979903
442.075230 755.468099
450.215335 743.608705
450.274141 743.574989
450.281358 743.350398
450.304273 743.127153
450.359457 742.893665
452.207217 742.748010
454.209841 742.005916
454.453493 741.879713
455.750262 741.818771
456.261001 741.781665
457.802110 741.602872
459.793852 738.095521
528.962066 736.245145
664.304591 732.237840
734.109234 730.134559
760.435071 728.693406
761.293140 728.096132
923.628501 339.089402
923.878097 324.428839
923.909110 307.947464
924.456628 305.548747
924.488837 304.239621
924.505310 303.735180
925.031182 302.901406
925.242857 302.393268
925.344179 299.931768
925.353903 298.500171
925.398290 298.430809
925.398432 298.321234
925.402170 298.148681
925.402246 298.134861
925.402253 298.107404
925.402328 298.068693
925.599214 298.010630
925.643202 297.898816
925.703774 297.806659
926.221342 297.779979
926.706960 297.697661
927.658105 297.511976
927.983884 277.702976
930.046794 270.861961
932.369153 265.464321
935.315344 242.011864
936.041833 166.908553
936.054871 166.846182
936.057307 166.585122
936.103029 163.213024
983.840236 154.752018
993.529155 68.869414
993.694446 59.534807
994.516589 54.465743
995.604789 46.151422
996.389016 44.897958
996.876934 43.582819
996.899506 43.580598
996.915918 43.560426
996.926153 43.555765
996.940887 43.481359
996.957323 43.463503
997.007207 43.373202
997.583092 42.802937
999.851972 39.095004
999.869931 38.847217
999.883119 32.984942
