100.000000 2.000000
0.224312 979.879457
0.793828 938.418196
10.714523 924.919326
23.538419 876.913382
100.250735 859.404515
161.230507 840.390078
251.720336 839.373083
266.124903 839.168436
311.457235 839.156780
360.503704 835.342485
377.265517 832.620498
394.118523 811.344264
427.147733 655.436997
599.508261 536.177532
747.441162 482.248387
748.783507 410.806871
796.769429 33.263695
797.367972 33.168554
797.873415 33.034621
797.961852 32.934677
798.580577 32.851592
798.699686 32.763594
799.689088 32.460115
805.715447 32.447578
805.890225 32.374903
805.954671 32.369822
805.981419 32.364632
805.993374 32.361234
806.013670 32.361040
806.014072 32.361031
806.014468 32.361018
806.017236 32.361015
806.017252 32.361000
806.020640 32.360941
806.022661 32.360939
806.648987 32.349834
806.741256 32.345395
806.742973 32.341090
806.742975 32.340712
806.894261 32.335198
807.143531 32.292917
807.337226 32.099656
807.425689 31.977378
808.366470 31.961798
808.440344 31.756687
808.440471 31.703491
808.443373 31.549522
808.449091 31.342430
809.971411 30.186930
810.305596 30.109711
810.379690 30.058883
810.742540 29.551470
811.483538 29.082731
811.654713 26.699821
813.803941 21.389816
822.446295 14.038449
823.214166 11.466235
823.706569 9.660136
838.957800 9.548872
839.049223 9.188811
839.344226 9.181380
840.160152 9.131876
932.709372 6.889237
932.711014 6.888270
932.722442 6.675665
932.723467 6.661981
932.723600 6.623506
932.755665 3.161225
933.404214 3.130309
933.676376 3.127407
933.785474 3.124157
933.855669 3.101970
934.230332 2.459757
934.530065 1.788517
935.230986 1.788432
935.334042 1.788266
935.436136 1.788266
936.029870 1.772436
936.102145 1.770159
936.207541 1.760498
936.599834 1.760455
936.899882 1.712462
939.337096 1.711869
939.717240 1.703934
939.761115 1.674428
939.790922 1.661094
939.813457 1.546919
940.004912 1.465607
940.519786 1.465358
941.165709 1.464882
941.232817 1.464880
941.324179 1.464879
941.986271 1.462380
944.096254 1.458751
944.789031 1.442429
945.539446 1.441032
950.753357 1.292906
951.476665 1.268013
953.880234 1.263825
986.632792 0.690552
