100.000000 2.000000
4.960993 998.251472
39.267439 997.789319
52.127895 995.543231
59.524656 995.407717
82.542596 995.381969
85.006149 995.381832
89.080530 995.247334
91.830736 995.105730
93.376976 994.609193
97.670244 993.826652
100.695311 978.845981
101.389159 978.500504
101.598991 976.873767
101.902419 974.362402
179.933650 974.250389
188.498861 974.025808
189.060463 974.010398
191.083496 973.972443
199.809911 972.580230
248.592282 972.558980
339.044787 966.672226
339.802192 966.669092
342.049485 966.668695
347.677234 966.642502
396.468246 911.317863
429.608374 833.565134
434.375037 806.446113
434.375446 799.099539
456.479004 797.076206
456.535643 795.244650
457.575990 795.074103
457.951137 729.778562
457.963297 706.137817
457.976528 705.998658
457.987554 705.035369
457.998100 670.446166
458.094002 376.487612
458.760655 370.795900
459.673775 237.234542
460.254090 200.756393
462.031462 186.911377
469.138368 152.814531
480.886500 144.814943
516.516207 143.875951
516.748916 143.639162
516.980391 142.429728
517.512369 142.152583
517.638604 142.076169
517.941652 142.045488
520.163072 141.932184
522.143940 141.929568
523.145866 141.822863
523.152320 139.856699
523.153642 136.670051
524.123787 134.797041
526.185129 134.480683
526.187901 133.343769
526.241760 133.136945
526.298858 131.432802
526.401271 129.770722
544.716058 85.698129
547.966664 73.413464
548.056875 73.152447
548.146202 72.468296
550.595253 72.423533
551.424612 72.422938
551.695353 72.415195
554.313014 70.523003
554.480519 59.376059
569.035539 54.311939
577.269149 50.889970
589.380136 19.891246
594.795687 19.777576
603.256494 19.758975
609.482480 19.750456
613.725566 19.750456
613.746693 19.750453
613.806355 19.750452
613.884324 19.750442
614.821230 19.750442
619.928886 19.750440
621.925106 19.749279
624.745133 19.746521
624.937675 19.746305
626.086732 19.736153
927.710905 16.851264
935.016506 16.810296
939.587159 16.146200
981.889240 12.683742
984.124983 12.359674
984.810556 12.301370
985.424442 12.176723
994.685345 10.779657
997.986638 10.168426
998.474437 8.154085
999.566708 2.617397
999.812094 2.116851
999.853400 1.154136
999.968387 0.599236
999.979208 0.177520
