100.000000 2.000000
75.690825 927.273488
76.370141 805.847527
78.427362 584.792405
107.894705 581.108966
168.348685 558.833583
185.201811 553.484203
236.114675 552.003354
240.427730 551.997372
248.600652 551.996590
302.205835 551.984376
317.232546 551.982480
335.509617 551.969555
335.633565 551.961640
335.646314 551.953956
335.666754 551.929777
417.352867 551.926357
419.500120 551.894128
420.141111 551.847792
421.982855 551.821264
429.078808 551.789014
445.952396 551.787387
452.869338 551.774021
454.128527 522.785096
458.967927 522.739295
459.858215 522.726740
460.204280 463.723363
461.666560 463.280332
462.115991 462.105426
466.014813 459.209501
476.146128 415.616827
478.929132 398.463178
502.400274 365.618747
515.687665 313.146333
558.908816 259.992070
673.545211 173.674418
677.102909 171.440975
678.185438 171.430162
680.076709 171.390308
680.460655 171.093090
680.461048 171.093034
680.461184 171.092956
680.462256 171.092926
680.462492 171.091251
680.463736 171.091247
680.464464 171.091051
680.464732 171.090963
680.465475 171.060849
680.730995 171.006867
684.598006 170.882231
684.631460 170.873715
684.672647 170.867900
684.723306 170.865348
684.729617 170.865164
692.983350 170.839912
702.669685 170.725921
716.373806 170.701983
716.542287 170.688393
719.053241 170.661466
729.188927 170.454366
739.832876 170.413670
747.695961 170.403962
750.250664 170.400478
767.548383 170.177367
768.625004 170.173055
769.085183 170.170361
769.203671 170.170088
771.684973 170.170014
777.205707 170.169682
779.856705 170.169519
787.420861 170.168508
838.484948 165.696007
839.152349 165.527654
842.172154 165.517466
848.500635 165.492723
854.826048 165.475975
866.574372 160.101330
867.276688 159.803887
868.946406 158.607318
874.256125 156.010276
875.459078 154.272890
881.550135 150.593887
884.749669 150.575869
893.627053 150.533609
895.827793 150.479499
895.892591 149.743657
895.961956 148.246873
895.978294 148.225564
895.981256 148.224612
998.374798 147.879543
998.596321 113.038660
998.623327 103.782302
999.199167 76.575321
999.250175 75.491220
999.253518 73.444854
999.276982 67.047977
999.356082 60.542857
999.745530 22.349416
999.765173 21.923295
999.854879 21.860328
999.918540 21.765310
