100.000000 2.000000
0.984699 979.225126
2.158429 966.728349
29.193498 963.356450
29.205301 962.509919
29.221918 962.164473
29.223825 961.785036
29.223881 961.569349
29.242201 961.027942
29.256220 961.027934
29.292778 961.027932
29.298475 961.027924
29.319662 961.027684
29.326042 961.027482
29.339833 961.026047
29.440320 961.023904
34.459553 960.885171
35.502419 960.716780
35.559405 960.525186
35.674815 960.497547
36.961315 955.381773
36.986047 952.524882
36.987344 952.124422
37.007969 950.497775
37.032887 945.592735
51.748038 942.903744
52.579495 942.900664
52.614376 942.900151
52.941478 942.895742
53.439645 942.834161
54.621647 942.720519
55.089747 942.669175
57.699805 942.661328
62.963240 941.719940
64.922963 940.260195
66.791684 938.749512
73.001445 938.708360
73.536595 938.613266
74.762757 938.292370
74.767074 938.290797
74.865171 938.290010
74.889175 938.289223
75.088742 938.288859
75.188816 938.288037
76.088570 938.190022
85.307700 938.153898
85.487425 938.153695
87.900333 938.153689
88.184154 938.153688
90.223285 938.153679
90.728886 938.151339
90.969183 938.137068
95.058852 938.127954
100.068603 935.374625
105.436215 935.214502
150.815013 933.960770
372.617971 926.884201
884.775856 916.984257
888.514134 915.607064
888.925943 914.949924
889.124073 914.160133
889.405879 913.207705
889.836109 910.979928
889.873108 908.774703
890.395000 908.003202
952.187290 828.249676
953.347806 718.919409
955.019015 681.771668
955.050740 618.375653
955.052507 615.624508
956.661457 585.706098
956.673440 579.884395
956.714126 578.215285
956.727671 577.736321
957.122030 577.573925
957.213167 577.414284
957.230873 576.874967
957.243966 571.649319
957.296948 570.998397
957.330989 570.699657
957.338398 559.188064
957.382966 531.076942
957.390073 523.027470
957.423498 509.783525
957.450851 470.126603
957.567588 427.943633
959.162769 427.648525
961.459843 422.825508
961.595127 407.657021
961.908263 406.764318
966.242880 359.597971
967.742124 308.970090
967.775587 306.891394
969.274933 241.379770
971.433223 218.917923
978.518380 199.974190
982.710424 104.418990
985.460451 103.023885
986.997361 97.654975
989.531088 97.005937
993.069627 89.779985
