100.000000 2.000000
44.666131 967.344034
44.742713 947.793863
67.532350 939.905292
80.036878 871.421187
83.635385 846.525176
90.832638 846.202295
139.301221 845.802845
142.156876 845.771108
145.651327 845.769965
145.961663 845.767339
149.093729 845.518582
154.166644 845.513871
186.156927 844.337592
203.797195 838.945572
224.225760 838.546325
232.929041 837.732615
469.337546 837.674396
479.210118 829.137964
502.105139 823.476515
513.228581 822.285027
513.918357 821.614866
515.710054 820.682947
543.969654 817.722084
552.218217 749.616898
612.926477 647.801153
728.445718 626.381493
782.955602 552.172805
783.298489 495.828169
790.183587 254.676991
790.271933 161.808623
790.439973 156.974861
790.579248 143.689600
790.589224 143.245635
790.791174 143.092243
790.800013 122.115905
792.169727 116.638333
792.839817 116.173195
793.053684 115.925903
793.215279 115.542527
793.438643 115.171420
796.062466 113.836073
796.079168 113.326115
796.082079 112.838412
796.082289 112.524934
796.082914 112.062119
796.083716 111.667882
796.083734 111.192412
796.083734 109.654639
796.766070 94.338639
891.790678 61.258912
892.163072 60.151654
892.249027 59.697729
897.196003 59.595482
897.657072 57.084813
905.812916 55.670670
906.167843 54.061956
906.434592 53.959169
906.532914 53.810250
912.709532 52.167195
912.721099 46.912551
922.463120 44.644888
931.147344 41.936864
933.750744 40.367917
941.003065 38.595058
941.308863 38.485660
945.915845 38.175381
946.180298 37.918945
946.501858 35.697259
951.761886 35.448428
952.109918 34.271168
952.270167 31.359153
952.405225 31.358814
952.473902 31.358644
952.529040 31.357781
952.597840 31.357651
952.690642 31.357579
952.694370 31.351520
952.704305 31.350974
952.760152 31.263567
952.774675 31.257745
952.782272 31.257061
952.782576 31.257053
952.782647 31.256905
952.792651 31.253224
952.806155 31.184329
952.837554 31.115204
952.867719 30.471412
957.758847 27.718847
958.857981 25.869522
961.794280 22.200528
962.326856 21.961281
971.521510 1.014154
989.280861 1.009667
991.039405 0.935289
991.151243 0.652759
995.617860 0.531874
996.173329 0.053066
998.423235 0.030183
999.068780 0.018726
999.975452 0.016504
