100.000000 2.000000
28.251844 992.773668
28.257897 990.522580
28.269279 988.990043
28.272690 988.713881
28.276843 988.388026
28.297212 987.899423
28.304132 985.601627
28.304322 984.759299
28.434066 984.636664
28.717066 984.581876
29.698591 982.322651
29.917906 968.229892
30.447933 963.559275
33.022048 756.537540
96.021113 626.603412
99.108587 626.467811
99.923938 626.353128
101.115110 626.218129
101.502447 626.204695
101.768488 626.201272
103.451888 626.133167
103.998213 625.757485
104.791500 625.603747
104.829218 625.588907
104.862989 625.582386
105.065303 625.570840
106.074874 625.291124
109.117189 624.795108
111.266344 624.752533
114.084540 624.742649
114.246588 624.742389
114.279899 624.541718
115.971483 624.541345
117.138425 624.510044
117.175837 623.759285
121.521761 623.399278
126.270140 622.609940
126.328701 619.948670
126.542801 615.528361
126.779018 606.426895
126.875122 605.832505
126.922495 605.612360
127.118603 598.220120
127.250358 598.195749
128.046617 598.013540
128.477400 598.012290
128.787894 597.730460
135.976373 597.522586
136.109680 597.262674
136.114268 596.662299
136.115171 596.575353
136.115398 596.566291
136.117599 596.518770
136.121879 596.490512
136.173661 596.260171
137.848694 582.548241
138.246761 580.337269
138.275472 579.903073
138.365530 577.178915
547.013361 437.854137
595.989642 406.949871
596.762995 405.232703
600.019476 403.043419
642.178533 286.140971
809.631818 226.371864
813.249439 184.822674
815.591077 149.368499
833.567504 131.717562
865.291268 120.656649
871.729899 116.468261
872.344136 102.262200
872.416018 98.246384
872.466520 97.780075
875.453672 97.447178
876.435563 96.707768
920.317117 93.678466
920.461444 92.714874
921.145640 91.793736
921.147299 91.687178
921.148448 91.289899
921.174591 91.227213
921.195180 91.118138
921.199553 91.094798
921.201367 89.892026
921.208295 89.533601
921.218034 89.436589
921.218434 89.212693
921.218687 89.183649
921.220029 89.085231
921.230029 88.550896
921.242187 88.321853
921.242249 88.286119
921.550924 88.117009
921.602605 87.790670
921.660288 87.677495
922.771188 86.860786
925.228935 82.914227
936.901087 80.825050
951.594463 80.429952
959.114844 49.708333
