100.000000 2.000000
10.776064 738.075647
15.250937 667.139454
24.929985 658.866477
24.970213 658.200396
24.986031 655.574446
24.987371 650.097485
24.992960 648.576771
25.010706 641.964092
25.017359 624.805280
25.049823 497.499535
25.050452 497.462797
25.050590 497.462390
25.050788 497.454565
25.051144 497.428308
25.057754 495.315803
25.057894 494.349875
25.057901 494.133218
25.057941 494.128901
25.057957 494.126515
25.058608 494.097474
25.058704 493.552574
25.058977 493.106113
25.058977 493.106043
25.058978 493.106037
25.058980 493.105185
25.059149 493.098733
25.060989 479.238869
25.072988 436.953656
25.074556 314.802554
25.074575 314.446882
25.076052 313.566216
25.078313 311.662410
25.082968 311.410058
25.185081 308.299934
25.200994 305.419006
25.268158 302.733224
25.286516 287.475018
25.289222 283.534769
25.291152 191.819790
195.822228 190.164735
203.827935 189.888982
208.881721 185.550241
272.549848 185.263433
285.432650 184.993609
291.849354 184.416258
292.349986 184.293785
293.839362 184.067302
296.214669 184.058698
296.216182 184.051164
298.467024 183.674818
315.087011 183.664437
315.784268 182.317617
316.032592 181.835230
316.402303 181.833979
316.639153 181.833816
317.421190 181.832968
317.510858 180.942678
317.819109 180.862729
319.068943 180.825886
336.341416 180.813049
346.964779 180.748082
431.685226 180.588743
477.936900 180.092704
526.993454 180.066445
533.137420 180.066429
534.006551 180.065825
539.078728 180.065807
557.903584 180.065799
560.469032 180.028284
560.573320 179.998255
560.611239 179.980275
561.732789 179.970512
561.844022 179.952913
561.996456 179.948427
562.011112 179.947712
562.067479 179.946369
562.088466 179.933875
725.584416 179.817388
757.258349 176.702983
777.620877 169.010528
795.953663 168.333604
795.962027 168.210585
796.023007 167.796335
796.024872 167.562766
796.025755 167.551790
796.080499 167.537585
796.124451 167.531716
796.389256 167.512374
796.468423 167.301944
796.942441 166.997092
797.868998 165.292978
800.025429 164.275277
802.691097 153.656897
811.611110 122.750518
811.645998 103.019325
811.659651 99.357030
811.868781 0.333112
812.873743 0.283614
814.348518 0.265086
879.156807 0.250488
