100.000000 2.000000
16.541750 978.654299
21.388780 967.832654
61.168652 740.393481
122.333962 739.847500
125.873568 738.887100
127.643111 738.792730
144.986477 737.989724
149.706493 737.298816
150.700154 736.768612
256.634258 736.607806
260.706285 736.472109
260.853202 736.266680
261.105350 736.238568
265.982681 736.215563
269.491153 736.185111
279.197255 736.145543
279.521909 735.890443
279.595882 735.863506
315.807171 735.828696
318.325399 735.777665
329.882334 735.768565
331.474290 725.122988
332.778671 724.126037
334.250881 723.271703
334.454478 722.983957
334.463857 722.856041
334.925268 722.091187
336.252795 722.072957
336.322567 717.755560
336.429973 717.505058
337.854150 710.952628
337.892497 708.811334
343.758122 697.962460
344.799062 697.098522
346.744478 696.226398
346.847716 696.170573
380.204813 691.375865
387.551150 687.684045
411.799539 687.043951
411.805838 686.988765
411.842568 686.870043
412.673381 686.780072
414.219510 686.741685
414.509970 686.685714
452.154990 672.053485
454.350237 671.184727
454.929603 671.017306
455.543542 670.991273
455.643941 670.956317
456.881733 670.458053
461.896247 668.703312
465.222163 658.316943
465.329505 656.823106
466.408850 656.063245
468.283344 653.643262
474.423432 639.232275
482.035857 499.693599
483.808987 491.287982
485.662142 479.167824
498.477545 479.147055
499.481465 479.039983
500.026180 478.864766
500.045898 478.817116
500.084460 478.807632
500.269619 478.716793
500.459509 478.713460
502.286164 478.688847
503.308169 478.582913
508.943970 478.544880
532.896644 471.141397
557.585663 456.812344
561.596051 456.728840
561.738776 456.693789
561.887579 456.457336
589.482685 453.897770
589.601497 453.484893
592.282021 452.208218
592.282521 451.621577
618.128648 451.151391
621.153323 450.584246
628.864716 449.597937
629.992989 442.270493
634.380848 383.287783
636.376063 350.333746
643.592729 314.828641
737.117306 313.414698
741.826601 203.794575
835.682157 166.786473
881.140539 70.847945
895.241128 45.928593
913.299448 9.794429
913.805631 9.750704
914.039008 9.563129
930.492857 8.894767
935.042536 8.872450
965.693284 4.280498
998.055917 3.642993
998.595536 1.004694
999.196959 0.100759
999.712501 0.026488
