100.000000 2.000000
18.728193 816.656007
34.561248 799.114616
40.682895 453.128346
63.587959 450.776664
96.509427 446.583439
122.330758 446.511421
126.280556 446.467197
126.288967 446.464508
126.296479 446.445383
126.322818 446.444663
126.345836 446.439986
134.082329 446.433133
140.706766 446.374875
146.345734 446.369383
146.384210 446.366277
146.430936 446.359596
146.458050 446.356336
161.823371 446.259782
162.402082 445.733019
162.717196 445.727957
162.763544 445.710950
162.898390 444.658029
163.061084 444.657599
163.067226 444.656792
163.094323 444.656317
163.102593 443.057093
163.813728 440.246817
163.814977 440.245201
163.816161 440.236051
163.827395 440.217693
163.929339 440.210824
163.935076 440.204815
163.938518 440.172389
164.011495 439.518267
165.863224 424.166837
165.972304 424.096849
166.089295 423.856280
166.090199 423.854204
166.090548 423.852858
166.090632 423.852326
166.090763 423.849213
166.091696 423.837810
166.092543 423.828144
166.094183 423.746149
167.233680 423.203213
167.247215 423.056229
167.824725 422.985145
168.008939 422.961294
168.260684 422.934581
169.046549 421.544262
169.440349 421.438316
169.627602 419.106982
170.187559 417.167827
308.876479 303.301618
309.950405 302.762632
310.019250 301.767383
317.721165 298.383160
317.857029 298.337153
318.099663 298.302037
318.238572 294.393006
319.596485 292.894799
321.132317 292.721572
321.390765 292.719860
321.414665 292.708718
321.418275 292.624529
321.434717 292.615972
321.448007 292.612130
321.452852 292.608456
321.462144 292.605220
321.491045 292.604951
321.558347 292.599784
321.604430 292.597629
321.634270 292.581159
323.434424 292.212623
323.486731 292.123492
323.519978 292.101618
323.689574 291.953072
323.734104 291.896232
324.966744 291.739158
325.790459 290.486300
325.917802 289.716312
326.156304 289.172678
326.200471 281.188069
326.492381 279.649228
326.585011 279.474829
326.669024 279.000973
326.928152 278.998339
327.164514 278.993514
409.341484 167.256958
544.253056 160.138057
566.869441 139.034253
600.443742 135.786196
625.867023 135.131925
696.516905 82.281167
714.918286 56.523132
739.864966 39.723462
743.134156 37.025943
744.422203 36.905132
752.792030 31.432859
972.470459 29.871997
